-0.4083517789840698
0.15441358089447021
-0.6993323564529419
-0.10062126070261002
-0.482316255569458
-0.6203968524932861
0.3845008313655853
0.5888725519180298
-0.4283730983734131
0.6215041279792786
-0.6140131950378418
-0.541619598865509
0.5421414971351624
-0.40607088804244995
0.41706347465515137
0.6096054315567017
0.3034287691116333
-0.28750303387641907
0.7431910037994385
-0.028724253177642822
0.7884253859519958
-0.42337566614151
-0.9050679802894592
-0.8172789812088013
-0.628106951713562
-0.761089563369751
-0.6223387122154236
-0.5833878517150879
0.7919610738754272
-0.39436307549476624
-0.8626639246940613
-0.24497383832931519
-0.779211163520813
-0.24294216930866241
0.7895350456237793
0.04053233191370964
-0.17412061989307404
-0.021892521530389786
-0.06212747097015381
-0.5492578744888306
-0.20538529753684998
0.5654642581939697
-0.5754807591438293
0.472398579120636
-0.39532366394996643
0.856380820274353
0.6954784393310547
0.6899743676185608
-0.4908379316329956
-0.5395879745483398
-0.6707931756973267
-0.7530133724212646
-0.8201042413711548
0.02181706205010414
0.6826995611190796
-0.15250268578529358
0.8368218541145325
-0.0485493466258049
-0.3523733615875244
-0.7245593667030334
-0.4223872423171997
0.748955488204956
-0.9493179321289062
-0.32490333914756775
0.10851375758647919
0.10978367924690247
-0.4083031415939331
-0.20767733454704285
-0.3061283826828003
-0.5028575658798218
-0.06139340624213219
0.5853317379951477
0.2248985469341278
-0.2616210877895355
-0.1287834346294403
-0.4136953055858612
0.728486180305481
0.05783708766102791
-0.008684083819389343
-0.33035939931869507
0.7946634292602539
0.48352402448654175
-0.5534573197364807
0.5033983588218689
-0.22033047676086426
-0.3045852482318878
-0.667151153087616
-0.4592225253582001
-0.5629013180732727
-0.5757743120193481
-0.34070640802383423
-0.022354861721396446
0.7480833530426025
0.03840496018528938
-0.11339753866195679
-0.26646968722343445
0.7608188390731812
-0.21781548857688904
-0.4898613393306732
0.15369084477424622
-0.08127366006374359
-0.5975092053413391
-0.049243997782468796
-0.6947692036628723
-0.5246776938438416
0.6095481514930725
-0.4579186737537384
0.626948356628418
-0.4260939657688141
0.7796728610992432
0.6215759515762329
-0.275474488735199
0.04988664761185646
0.8092860579490662
0.515775203704834
0.8197964429855347
0.16915349662303925
-0.04032018408179283
-0.7860614657402039
-0.23322835564613342
-0.5714554786682129
-0.5167531371116638
0.604175865650177
-0.516152024269104
0.44349437952041626
0.38590890169143677
0.0735468864440918
-0.38113221526145935
-0.47467851638793945
-0.1340055763721466
-0.8072738647460938
0.44713255763053894
-0.2688731551170349
-0.33853015303611755
-0.5270607471466064
0.7375587224960327
0.03249506279826164
-0.7286366820335388
-0.29116907715797424
0.5182178616523743
-0.7472331523895264
0.684856116771698
-0.8487515449523926
-0.11295261979103088
-0.04221617802977562
-0.9427198767662048
-0.2349337488412857
-0.27686741948127747
-0.41398999094963074
-0.48548540472984314
-0.5428006052970886
0.45835912227630615
-0.22783994674682617
0.28984883427619934
0.6632772088050842
0.40377548336982727
0.6640505790710449
0.08985646069049835
0.46946144104003906
-0.48422670364379883
-0.5808550715446472
-0.4637672007083893
0.7749057412147522
-0.363195538520813
-0.2505339980125427
0.40650010108947754
0.6306453943252563
-0.5779123902320862
0.76188063621521
0.20080572366714478
0.17924565076828003
0.6858324408531189
-0.49864745140075684
-0.3177473247051239
-0.10728351771831512
-0.9162474274635315
0.768610954284668
0.7348446249961853
-0.07463403046131134
-0.12208963930606842
-0.11021102964878082
-0.7389370203018188
-0.6324328780174255
0.7870436310768127
-0.6908286809921265
-0.0012912340462207794
-0.23159807920455933
-0.3167281746864319
0.26260727643966675
0.7222774028778076
0.4253934323787689
0.7334399819374084
-0.29116907715797424
-0.988968014717102
0.0324040912091732
0.05397680029273033
-0.3084034323692322
-0.5229207873344421
0.5911393165588379
-0.2786252796649933
0.3924732208251953
-0.5934814810752869
-0.29618075489997864
0.689026415348053
-0.33736127614974976
0.7997673749923706
0.5238152742385864
-0.14547504484653473
-0.9397904872894287
-0.058308374136686325
-0.5454900860786438
-0.6752540469169617
-0.8902872800827026
0.6387622952461243
-0.61609947681427
-0.5104197263717651
0.1730652153491974
0.08246174454689026
-0.22011728584766388
-0.21729281544685364
-1.3189197778701782
0.8045973181724548
0.755484402179718
-0.2239181399345398
-0.427862286567688
0.8164455890655518
-0.21836328506469727
0.26562193036079407
-0.12449739873409271
-0.38898539543151855
0.3717125654220581
0.6488661170005798
-0.7856904864311218
-0.4555891156196594
0.08595634996891022
-1.4813315868377686
-0.8976960182189941
-0.7660232186317444
-0.2518691420555115
0.7598238587379456
0.7586814761161804
-0.789653480052948
0.7633454203605652
0.3679986000061035
-0.1436535120010376
0.8593717217445374
0.2086125910282135
-0.6985143423080444
-0.6347853541374207
-0.6221311688423157
0.1720508337020874
0.7024752497673035
-0.3923932909965515
-0.1286865621805191
-1.7030220031738281
-0.5618540644645691
-1.5957269668579102
-0.3630666732788086
-0.05886207893490791
-0.41731420159339905
-0.04369300976395607
0.6326903700828552
-0.28573527932167053
0.15181511640548706
0.14802561700344086
-0.6339638829231262
-0.5976272225379944
-0.39495381712913513
0.08928266167640686
-0.1839878410100937
-0.5584506392478943
-0.339693546295166
0.8906548023223877
-0.02771470695734024
0.3174605965614319
-0.5705844163894653
0.6294772624969482
0.653026282787323
-0.4860959053039551
-0.04905217885971069
-0.3548085689544678
0.08288377523422241
0.19901424646377563
-0.8683803677558899
-0.335717111825943
-0.09654355049133301
-0.38742345571517944
-0.9808467626571655
0.47636550664901733
0.18654972314834595
-0.09070666134357452
-0.11458663642406464
-0.3059271574020386
-0.3188912868499756
0.42076143622398376
-0.5171247124671936
-0.09923575818538666
-0.5513638854026794
0.35634392499923706
-0.7842979431152344
-0.8180745244026184
-0.34452003240585327
0.727695107460022
-1.6408146619796753
-0.41612547636032104
-0.48212751746177673
-0.2578308880329132
-1.1541118621826172
0.5940058827400208
-0.005612228065729141
-0.4543054699897766
-0.46526676416397095
0.7688227891921997
0.34778428077697754
0.7956768870353699
-0.4431208074092865
-0.17475458979606628
-0.6433811783790588
-1.232959270477295
-0.048136305063962936
0.6759476661682129
-0.7400211691856384
-0.770917534828186
0.3585803806781769
0.16609428822994232
-0.49489304423332214
-0.23224321007728577
0.36226996779441833
-0.38318830728530884
-0.009952787309885025
-0.7799515128135681
-0.5084214210510254
-0.26652881503105164
0.16271260380744934
0.7679429054260254
-0.3786301612854004
-0.33608362078666687
-0.4206792712211609
-0.4559227228164673
0.030577171593904495
0.6507929563522339
0.09878435730934143
-0.5581387281417847
-0.792679488658905
0.6955751776695251
-0.49572035670280457
-0.1491650491952896
0.3168203830718994
-0.4404461979866028
0.38944417238235474
0.24216771125793457
-0.4358954429626465
0.36037227511405945
0.4887332320213318
0.16293473541736603
0.13043855130672455
0.8011481165885925
-0.1913779079914093
-0.5384199619293213
-0.0349106527864933
-0.6180546879768372
-0.02299446612596512
-0.044410452246665955
-0.3450486958026886
0.48710405826568604
-0.590216338634491
-0.7196658253669739
-0.6808963418006897
0.13031506538391113
0.7788103222846985
0.4677656888961792
-0.42430371046066284
0.45672523975372314
0.5409647226333618
-0.12723100185394287
0.684084951877594
-0.374276340007782
-0.5370025634765625
-0.22840112447738647
-0.6406572461128235
0.6128029227256775
-0.8910288214683533
0.34770750999450684
-0.551385760307312
0.12234601378440857
0.40203970670700073
-0.1797724813222885
-0.6238489747047424
0.1406320482492447
-0.2536434829235077
-0.4106369614601135
-0.21904169023036957
-0.5544999241828918
0.32079049944877625
0.4718676209449768
0.7484654784202576
-0.12882685661315918
-0.0868283063173294
-0.48325932025909424
0.15820848941802979
0.7977185249328613
0.37845635414123535
-0.9475655555725098
-0.4330340027809143
-0.7462186813354492
-0.09727887809276581
-0.8511493802070618
0.37271571159362793
-0.40421271324157715
0.41996005177497864
0.17807099223136902
0.7508297562599182
0.1960756480693817
-0.3922431766986847
-1.1781359910964966
-0.5820271372795105
-0.26604440808296204
-0.4879840016365051
-0.21820715069770813
0.1869090497493744
0.0321221686899662
-0.7184876799583435
-0.6442973017692566
-0.4551493227481842
0.29888007044792175
-0.5439276099205017
-0.017934881150722504
0.028906982392072678
-0.020319536328315735
-0.9761260151863098
0.44951653480529785
-0.35398831963539124
0.5769591331481934
-0.2286590039730072
-0.004468318074941635
-0.3080199062824249
0.1313835233449936
-0.4850412607192993
-0.47345975041389465
-0.6652950644493103
-0.6864609718322754
0.8167837262153625
-1.170222520828247
0.30437275767326355
-0.8891961574554443
-0.491269588470459
-0.49074822664260864
0.007103484123945236
-0.6852515935897827
0.6561513543128967
0.2798802852630615
-0.09963402152061462
0.5710748434066772
0.5417652130126953
-0.18051651120185852
-0.4547068178653717
0.11430820822715759
-0.3212115168571472
-0.30877184867858887
-0.07840975373983383
0.7606375217437744
0.8368279933929443
-0.20080077648162842
0.3811715841293335
0.6920152902603149
0.7846725583076477
0.7558139562606812
0.7877709865570068
0.1523195505142212
0.7765277028083801
0.23115822672843933
-0.3274499773979187
0.1259053349494934
0.011200886219739914
-0.1526326984167099
0.07754187285900116
0.3926316499710083
-0.4245453178882599
0.11340244114398956
-0.4098427891731262
-0.48637598752975464
-0.3162679970264435
-0.4560123383998871
-0.6155068278312683
-0.27679136395454407
-0.18425479531288147
-0.4956384301185608
-0.7617834806442261
0.4476749300956726
0.08569204807281494
-0.17366397380828857
-0.3206936717033386
-0.5481988191604614
0.3630078434944153
-0.6099356412887573
0.030309956520795822
-0.11321994662284851
-0.5904220938682556
-0.7121487259864807
0.4614543914794922
0.22537747025489807
0.08384969830513
0.4694042205810547
-0.7598324418067932
-0.5223076343536377
0.4020827114582062
0.6841458082199097
-0.4100191295146942
-0.3848162293434143
-0.3640385568141937
-0.7211236953735352
0.38196876645088196
-0.01834985986351967
-0.5173174142837524
0.6687095165252686
0.7970016002655029
0.4106232225894928
-0.4976917505264282
0.20090141892433167
-0.5004224181175232
0.5289437174797058
-0.2710903584957123
-0.6921555995941162
0.16232360899448395
-0.44955646991729736
-0.5176761150360107
0.47636961936950684
0.07315494120121002
-0.23018687963485718
-0.25517696142196655
-0.33305686712265015
0.3107704520225525
0.5474579334259033
0.41909292340278625
0.7509499192237854
0.32450124621391296
-0.2019340991973877
-0.36411675810813904
0.13650104403495789
0.3624553382396698
-0.28254687786102295
-0.5398895740509033
-0.06373417377471924
-0.4504980742931366
-0.19405324757099152
-0.35853341221809387
0.6907541751861572
-1.2145575284957886
0.3348020911216736
0.504287838935852
-0.5629841089248657
-0.04227630794048309
-0.40509894490242004
0.25191155076026917
-0.6901828646659851
0.758168637752533
-0.6783559918403625
0.05721290037035942
-0.5186230540275574
0.5352656245231628
0.07424794137477875
0.195044606924057
-0.6337317228317261
0.025914538651704788
0.03792259469628334
-0.23798781633377075
0.47706472873687744
-0.617536187171936
0.6124277114868164
0.8184869289398193
-0.4881437420845032
0.40240731835365295
-0.4379967451095581
-0.3116318881511688
-0.599335789680481
0.13739770650863647
-0.34673336148262024
0.08457058668136597
-0.2460498809814453
-0.27932360768318176
-0.08152295649051666
-0.017607200890779495
0.30248117446899414
0.5368130803108215
-0.6011937260627747
-2.0437755584716797
-0.006101332604885101
-0.1563137024641037
0.04780121520161629
0.2907976508140564
0.42371290922164917
-0.026130009442567825
0.7938523292541504
-0.36403897404670715
0.6583134531974792
-0.8136895895004272
0.8677442669868469
0.6193641424179077
-0.3026268482208252
0.008926715701818466
-0.332658588886261
-0.41741085052490234
0.16119574010372162
0.7761788368225098
-0.47319257259368896
-0.0008448250591754913
0.5288323760032654
0.6773344874382019
-1.1438837051391602
-0.6452683210372925
0.8275665044784546
-0.4571574926376343
-0.39846616983413696
-0.21830999851226807
-0.19558236002922058
-0.9919363856315613
0.8488485813140869
-0.3184930682182312
-0.26006340980529785
0.5037065744400024
-0.3453013002872467
-0.5167406797409058
-0.13169245421886444
-0.7203884720802307
0.1035168468952179
0.2645206153392792
-0.7528891563415527
-0.05209266394376755
0.795267641544342
0.21823883056640625
-0.32941171526908875
0.8250184059143066
-1.7695742845535278
-0.4242483973503113
0.4211905002593994
-0.6264162063598633
-0.05004749074578285
-0.5997894406318665
-0.18891629576683044
0.6374655961990356
0.27679887413978577
-1.378320574760437
-0.18973031640052795
-0.09735319018363953
0.30636468529701233
-0.5158493518829346
0.23446089029312134
0.6034614443778992
-0.14100763201713562
0.23375380039215088
0.49037474393844604
-0.7632622718811035
0.3208536207675934
0.6552770137786865
0.2632671594619751
0.06110576167702675
-0.5607017874717712
0.5232897996902466
-0.4365140199661255
-0.17009104788303375
0.23823681473731995
0.17793944478034973
-0.17818638682365417
-0.6739768981933594
-0.5939907431602478
-0.6387088298797607
-0.38827693462371826
-0.4774414598941803
-0.10750727355480194
0.05240357294678688
-0.9358252286911011
-0.4003698229789734
-0.3156000077724457
0.03111124411225319
0.362917423248291
0.7933550477027893
0.5447920560836792
-0.04723641648888588
0.5180404782295227
-0.32265716791152954
-1.047634482383728
-0.8745709657669067
0.4660930633544922
-0.3678654134273529
-0.6296049952507019
-0.517520546913147
-0.703212559223175
-0.17926515638828278
-0.3961619734764099
-0.4524814784526825
0.07949736714363098
-0.3007822632789612
-1.0264289379119873
-0.7256932258605957
-0.3290637135505676
-0.18261772394180298
-0.6272396445274353
0.5978909134864807
0.8469208478927612
0.7302163243293762
0.5256336331367493
-0.6259540319442749
-2.25925612449646
-0.33785879611968994
0.1489676535129547
-0.29063352942466736
-0.2654334604740143
0.8009608387947083
-0.508720338344574
-0.12293373048305511
0.12744465470314026
-0.3794814944267273
0.7159295082092285
-0.9550227522850037
-0.11209374666213989
-0.535585343837738
-0.4153951406478882
0.822472870349884
0.8332847952842712
-0.18556664884090424
-0.716465413570404
-0.809453547000885
-0.33714956045150757
-0.2180681824684143
-0.4985331892967224
0.8479878306388855
0.4310791492462158
0.015242155641317368
-0.50283282995224
-0.6224480271339417
-0.6455313563346863
-0.69382244348526
0.10951001942157745
-0.10412193089723587
-0.3261030614376068
-0.21165837347507477
-0.6412319540977478
-0.6585307121276855
0.3251458704471588
-0.5535458922386169
0.16856107115745544
-0.4538789391517639
0.1835435926914215
0.001128263771533966
-0.5537577271461487
-0.19472835958003998
0.8854370713233948
0.09649372100830078
-0.4079788625240326
0.5602348446846008
0.567516565322876
-0.12722833454608917
-0.30577605962753296
0.6506854891777039
0.7528837323188782
-0.3096754252910614
-0.5344838500022888
-0.33211129903793335
-0.0027961917221546173
-0.22945404052734375
-0.5388587713241577
-1.0580521821975708
0.07896469533443451
-0.574195146560669
-0.25506094098091125
0.5397883057594299
0.4052768647670746
0.44806012511253357
-0.25253307819366455
-0.6396549344062805
0.783593475818634
-0.2924048602581024
-0.14213573932647705
-0.13930487632751465
-0.06181328743696213
-0.6180022358894348
0.048886146396398544
0.0901004821062088
0.6697004437446594
0.5765718817710876
0.11413760483264923
0.09713111817836761
-1.1716722249984741
-0.4343717694282532
-0.07957811653614044
-0.19728997349739075
0.13703227043151855
0.6483471393585205
0.44621020555496216
-0.03106837347149849
-0.39330363273620605
0.823992133140564
-0.17306768894195557
0.2366420030593872
-0.5965946316719055
-0.04815966263413429
-0.4538291096687317
-0.43263429403305054
0.44595569372177124
-0.24636773765087128
0.741581380367279
0.49684029817581177
-0.04688968136906624
-0.24461543560028076
0.481323778629303
-0.13113541901111603
-0.22250747680664062
-1.460868000984192
-0.5035010576248169
0.7678313851356506
0.33104440569877625
-0.34072554111480713
0.720559298992157
0.7280803322792053
0.17455950379371643
0.03910021111369133
-0.9051855206489563
0.7936983704566956
0.45093369483947754
-0.24593448638916016
-0.9595209360122681
-0.37008336186408997
-0.2605964243412018
0.3088435232639313
-0.19248029589653015
0.49145036935806274
0.5732561349868774
-0.26754477620124817
0.5732852816581726
0.8120701909065247
-0.3973168730735779
-0.36938735842704773
-0.3216111660003662
-0.305936723947525
0.04571670666337013
-0.4300072193145752
-0.21299725770950317
-0.03319903463125229
-0.13295376300811768
0.3863586187362671
-0.5570910573005676
-0.4545184373855591
-0.3641218841075897
-0.5622300505638123
0.7516866326332092
-1.691419243812561
0.4546070694923401
-0.2130817472934723
-0.2597543001174927
-0.5277310609817505
0.3858151435852051
-0.7512264847755432
0.2660166323184967
0.20230397582054138
-0.2996169328689575
-0.727497398853302
0.6448151469230652
0.3183515965938568
-0.4423292577266693
0.05872228369116783
-0.10681881010532379
-0.7586532831192017
-0.40641748905181885
-0.6671689748764038
-0.41160711646080017
0.6661367416381836
-0.5750508308410645
0.4158291220664978
-0.40117791295051575
0.3244343400001526
-0.2815757393836975
-0.04105893149971962
0.036791253834962845
-0.6000502705574036
-1.0378191471099854
-0.5918331146240234
-0.5418359041213989
0.8449668884277344
-0.09350411593914032
-0.6169131994247437
0.7423064708709717
-0.9776161909103394
-0.008085016161203384
-0.4994485378265381
0.06739842891693115
-0.0018850155174732208
0.05148526653647423
0.37719446420669556
0.4630025625228882
-0.6909386515617371
0.44106167554855347
0.6730579137802124
0.6269749999046326
0.7250216007232666
-0.4736863374710083
-0.658958375453949
0.27544331550598145
-0.21201203763484955
0.2660936713218689
-0.8132815957069397
0.177707239985466
0.10114818811416626
0.19945639371871948
-0.33654677867889404
0.6147609353065491
-1.3098100423812866
-0.45045438408851624
-0.00878804549574852
0.8267912864685059
-0.24240288138389587
0.42377933859825134
0.756894052028656
-0.4052109718322754
-0.17927610874176025
-0.5178690552711487
0.6373308897018433
0.22590148448944092
-0.4498654901981354
-0.5086285471916199
0.6019824147224426
0.5236968398094177
-0.3733343780040741
-0.8324435949325562
-0.8713862299919128
0.29185751080513
-0.7750862240791321
-0.33376407623291016
-0.5034025311470032
-0.4721868634223938
0.20358580350875854
0.5963453054428101
-0.6554117202758789
-0.5028776526451111
-0.13009235262870789
0.3021281659603119
-0.11006291210651398
-0.7848126292228699
-0.27467888593673706
-0.32799792289733887
0.46746915578842163
-0.8464159369468689
-0.18390189111232758
-0.2362297773361206
-0.7651243805885315
-0.8160574436187744
0.8130465149879456
0.7928051948547363
-0.6276324391365051
0.05567151680588722
-0.6346961855888367
-0.5798449516296387
-0.3351624608039856
0.6103293895721436
0.7267208099365234
0.7027294039726257
0.8767954707145691
0.7143123149871826
0.582516074180603
-0.2045181691646576
-0.09634417295455933
-0.5407103896141052
-0.5622375011444092
0.4354727864265442
-0.6798242926597595
0.7550259828567505
0.8273878693580627
-0.5713064074516296
-0.5251321196556091
-0.049073152244091034
-0.2264285683631897
-0.6347628235816956
0.6199687123298645
0.3511401414871216
-0.3070881962776184
0.6570044159889221
0.07652655243873596
-0.15323635935783386
-0.5268282890319824
-0.48424220085144043
0.1918097585439682
-0.7627502679824829
-0.6457164287567139
0.7987593412399292
-0.45831987261772156
0.14358435571193695
-0.9553643465042114
0.4467927813529968
0.8447946906089783
-0.48131540417671204
0.4779973030090332
-0.31387656927108765
-0.42511528730392456
0.8150477409362793
0.025730285793542862
-0.9230518937110901
0.4375593662261963
0.5065816044807434
-1.0168753862380981
0.4329299330711365
0.275074303150177
0.6199658513069153
-0.2896769046783447
0.2145843505859375
-0.23973718285560608
-0.14428968727588654
-0.6249435544013977
-0.03047185018658638
-0.23074722290039062
0.03850830718874931
0.29064691066741943
0.6692112684249878
-0.23691564798355103
0.17952269315719604
-0.5440157055854797
-0.18695592880249023
-0.28739726543426514
-0.21501655876636505
0.774750828742981
-0.11974442005157471
0.4968147277832031
-0.4676511287689209
0.49503785371780396
-0.5630385279655457
-0.3272404372692108
0.38497036695480347
0.7929674983024597
-0.211636021733284
0.7997543215751648
0.7721856832504272
0.06730414927005768
0.47045964002609253
-0.31773823499679565
0.7613720297813416
-0.8224931359291077
-0.4904526174068451
-0.24214206635951996
0.12130886316299438
-0.20884078741073608
-0.9040402173995972
0.6243794560432434
-0.905068039894104
-0.051710162311792374
-0.7504853010177612
-0.38670623302459717
-0.3047458827495575
0.6246250867843628
-0.32481154799461365
0.05258484557271004
-0.4169595241546631
0.716732382774353
-0.26027196645736694
0.3686327338218689
0.2752213478088379
-0.27406734228134155
0.01165088638663292
-0.35795795917510986
-0.14995446801185608
0.2598109841346741
-0.9024749398231506
-0.3241666853427887
-0.124239981174469
-0.6265344023704529
0.4866746664047241
-0.8363200426101685
0.38862258195877075
-0.1794683337211609
-0.5126433968544006
0.02657429501414299
0.48571711778640747
-0.5024468898773193
-0.006031066179275513
-0.2757721543312073
-0.3090583384037018
-0.43389180302619934
-0.10830758512020111
0.09475652873516083
-0.7020875811576843
0.5745394229888916
-0.8290210962295532
-0.23520275950431824
0.8053404688835144
-0.2156384289264679
-0.7418138980865479
-0.23825666308403015
-0.2146434634923935
0.6537337303161621
0.05890140309929848
-0.2102363258600235
-0.4682687520980835
-0.6704964637756348
-0.3634881377220154
0.054992686957120895
-0.8883398175239563
-0.5146916508674622
0.1553332805633545
-0.20438770949840546
0.3645796477794647
0.03915265575051308
0.3472729027271271
-0.27765437960624695
-0.5889559388160706
-0.5488470196723938
-0.5522122383117676
0.21146291494369507
-0.6502871513366699
0.6260269284248352
-0.39137113094329834
0.19455383718013763
-1.19901704788208
0.3871789574623108
-1.3534339666366577
0.44254744052886963
-0.16297240555286407
-0.14924447238445282
-0.087832972407341
-0.054991625249385834
0.6902539730072021
-0.45065292716026306
-0.046393658965826035
-0.7764447927474976
0.5047645568847656
-0.16732504963874817
0.4295487105846405
-0.3310195803642273
-0.4261988401412964
0.8043960928916931
0.6617860794067383
-0.04907860979437828
-0.2240060269832611
-0.6266406178474426
-0.5583379864692688
0.34557008743286133
0.027304556220769882
-0.18720820546150208
0.6702019572257996
0.27421796321868896
0.20188724994659424
0.025605585426092148
-0.08278091251850128
0.22546732425689697
0.6484357714653015
-0.5665320754051208
-1.6386113166809082
0.8716967105865479
0.239805668592453
0.5920795202255249
0.546976625919342
0.21527749300003052
-0.26943376660346985
0.21685874462127686
0.5420177578926086
-0.09591798484325409
-0.6018062829971313
-0.3953903317451477
-0.3477292060852051
-0.9111366868019104
0.36100560426712036
-0.2766069173812866
-0.30012184381484985
