-1.1281406879425049
-0.8734884858131409
-0.8223734498023987
-0.2049711048603058
-0.7329431176185608
-1.1549679040908813
-0.7447378039360046
-0.45628640055656433
-1.010727047920227
-1.0655020475387573
-0.7104032635688782
-0.9930701851844788
-0.6188946962356567
-0.7378606200218201
-0.3712877035140991
-0.6049540042877197
-1.1903510093688965
-1.3220303058624268
-1.0739459991455078
-1.0655988454818726
-1.1043124198913574
-0.5359090566635132
-0.6064566969871521
-1.158218502998352
-0.8326597809791565
-0.7348468899726868
-0.7768796682357788
-1.2840526103973389
-1.3872489929199219
-0.8936042189598083
-1.2350807189941406
-1.1698591709136963
-0.6169662475585938
-1.0712729692459106
-0.8258715271949768
-1.0816946029663086
-0.926699697971344
-0.7646395564079285
-0.9718738198280334
-0.945122241973877
-0.9607776999473572
-0.935931921005249
-0.5389333963394165
-0.550482451915741
-0.9998167753219604
-1.1091275215148926
-1.082090973854065
-1.153418779373169
-0.7830390930175781
-1.1604366302490234
-0.8381908535957336
-1.0911452770233154
-0.6460812091827393
-0.31359922885894775
-0.29961156845092773
-0.6050059795379639
-0.7140740156173706
-0.8725287318229675
0.41122135519981384
-0.896782398223877
-0.7878546118736267
-1.0748950242996216
-1.3353911638259888
-1.0592620372772217
-1.2672293186187744
-0.858601450920105
-1.2771250009536743
0.1075504720211029
-0.6710736751556396
-1.041196584701538
-0.6136090755462646
-0.1913118064403534
-0.39022091031074524
-0.9810771346092224
-0.7414629459381104
-0.6129828691482544
-1.193078875541687
0.2579452097415924
-1.4502331018447876
-0.8631798624992371
-0.5783554911613464
-1.1717898845672607
-1.2323870658874512
-0.2158028781414032
-0.8000176548957825
0.05702913925051689
-1.10160231590271
-0.6146640181541443
-0.5631384253501892
-0.5002971291542053
-2.098515510559082
-0.957395076751709
-1.0402439832687378
-0.9554765820503235
-0.9099172353744507
-0.9210967421531677
-0.7816686630249023
-0.6964223384857178
-0.9719092845916748
-0.8004906177520752
-0.860750138759613
-1.262661337852478
-1.1452282667160034
-1.1402008533477783
-1.2341511249542236
-0.8270793557167053
-1.0795375108718872
-0.7150866389274597
-1.2357752323150635
-0.9967780113220215
-0.881772518157959
-1.270936369895935
0.06800371408462524
-1.444097876548767
-0.8530993461608887
-1.131142497062683
-0.9097593426704407
-1.1978437900543213
-0.6428415775299072
-1.1324859857559204
-0.8536121845245361
-0.5212329626083374
-0.8515717387199402
-0.7481014728546143
-0.3954937756061554
-0.7386178970336914
-0.47472304105758667
0.0769357979297638
-0.7294759750366211
-1.0653202533721924
-0.6431170701980591
-1.0093834400177002
-1.1644965410232544
0.06547881662845612
-0.8527212738990784
-1.092939853668213
-0.9512749314308167
-0.49426019191741943
-0.5341551899909973
-0.6937188506126404
-1.0145912170410156
-0.963711678981781
-0.44702526926994324
-1.386004090309143
-1.1796303987503052
-0.9192607998847961
-1.1507521867752075
-0.8225745558738708
-0.9591676592826843
-0.9571623206138611
-0.8163785338401794
-0.8699910640716553
-1.0134258270263672
-1.1947941780090332
-0.6298399567604065
-1.1231874227523804
-1.1864557266235352
-0.9717267155647278
-0.8721317648887634
-1.1868315935134888
-0.5322719812393188
-0.49397599697113037
-0.8896709680557251
-0.9677131772041321
-0.854388415813446
-1.1111078262329102
0.5918235182762146
-0.8946893215179443
-1.2863351106643677
-0.9310225248336792
-1.1258955001831055
-1.0491501092910767
-1.1146661043167114
-0.4016072154045105
-0.6862658858299255
-1.005012035369873
-0.6930806040763855
-1.206273078918457
-1.0229262113571167
-0.973665714263916
-0.9072669744491577
-0.6017968654632568
-0.9585999846458435
-1.393237590789795
-1.092811107635498
-0.5842499136924744
-0.8146424889564514
-0.06310945004224777
-1.1740585565567017
-1.1061822175979614
-1.1724015474319458
-0.6016384959220886
-0.5341551899909973
-0.9260088801383972
-0.7072056531906128
-0.5589138865470886
-1.434492826461792
-0.7085304856300354
-0.9037639498710632
-0.6170957684516907
-1.101049542427063
-0.23625797033309937
-1.0190069675445557
-0.9803172945976257
-0.6141977906227112
-1.0889590978622437
-1.2893996238708496
-0.27583175897598267
-0.8633342981338501
-1.5389994382858276
-1.156247854232788
-1.0483922958374023
-1.1039600372314453
-1.1561816930770874
-0.9800070524215698
-1.2391693592071533
-0.7730407118797302
-1.2868878841400146
-0.949120819568634
-0.8493235111236572
-1.312758445739746
-1.312505841255188
-1.024423360824585
-0.950195848941803
-1.008616328239441
-0.889715313911438
-1.0524965524673462
-0.6156057715415955
-1.5550734996795654
-1.0756971836090088
-0.7500150799751282
-0.6105995774269104
-0.9212523102760315
-0.5116824507713318
-1.0718327760696411
-0.6182762980461121
-0.8740836977958679
-0.4367910921573639
-1.0116685628890991
-1.2728372812271118
-0.17976036667823792
-0.9341506361961365
-0.052053894847631454
-1.006712794303894
-1.0657161474227905
-1.056118130683899
-0.5548027753829956
-1.282876968383789
-0.8951141238212585
0.5457096099853516
-1.0502064228057861
-1.107340693473816
-1.122766137123108
-1.1035761833190918
-0.44292423129081726
-1.1509078741073608
-1.3881298303604126
-0.5820218920707703
0.08329600095748901
-1.109985589981079
-1.2717136144638062
-1.1494165658950806
-0.7571575045585632
-1.056785225868225
-0.8426144123077393
-1.252211332321167
-0.43511757254600525
-1.1466453075408936
-0.5454608201980591
-1.1595460176467896
-0.9099923968315125
-0.8663409948348999
-1.2108091115951538
-1.08663010597229
-1.1513153314590454
-1.1363126039505005
-1.0649622678756714
-0.2261749655008316
-0.9676133990287781
-0.500580370426178
-0.9220984578132629
-0.7690272927284241
-0.31259337067604065
-1.150299072265625
-1.614185094833374
-0.8161495923995972
-0.9450466632843018
-1.372732162475586
-0.7739607095718384
-0.9805603623390198
-1.0948814153671265
0.005599074065685272
-0.830321192741394
-1.0088229179382324
-0.52349454164505
-0.857241153717041
-0.5693102478981018
-0.24382787942886353
-1.2032368183135986
-1.070361852645874
-1.3021550178527832
-1.213979959487915
-0.975423276424408
-1.1120003461837769
-1.8989641666412354
-1.362208366394043
-0.8180825710296631
-1.1338311433792114
-1.0566221475601196
-1.2145392894744873
-1.4160152673721313
-1.104727864265442
-1.4381526708602905
-1.4370189905166626
-0.8716056942939758
-0.6364451050758362
-1.0202405452728271
-1.0697890520095825
-1.3250788450241089
-1.3631889820098877
-1.123234510421753
-1.4273502826690674
-0.6028468608856201
-1.0009716749191284
-0.9274964332580566
-1.048855185508728
-1.013291597366333
-1.048182725906372
-1.2516369819641113
-1.4684425592422485
-1.5344856977462769
-1.1761078834533691
-0.9255555868148804
-0.9777306318283081
-1.091642141342163
-0.9064232110977173
-0.9236165881156921
-0.7459923624992371
-1.2779650688171387
-0.9290327429771423
-1.9110733270645142
-0.41284602880477905
-1.3137942552566528
-1.2838102579116821
-0.37564677000045776
-1.0986673831939697
-1.510232925415039
0.05535363033413887
-0.48516035079956055
-1.1114766597747803
-1.006266713142395
-0.9676303267478943
-1.0983970165252686
-1.077623724937439
-1.0873093605041504
-1.026177167892456
-1.0463403463363647
-0.9690910577774048
-1.3581172227859497
-0.967393159866333
-0.9018576145172119
0.24028798937797546
-0.5931077599525452
-0.8363486528396606
-0.8481498956680298
-1.091399073600769
-1.0608068704605103
-0.640535295009613
-1.279557466506958
-1.2604844570159912
-1.0424219369888306
-0.6896947026252747
-1.2885535955429077
-0.7760663628578186
-1.0948739051818848
-0.48200681805610657
-1.1683275699615479
-0.7601949572563171
-1.2255418300628662
-1.2356770038604736
-1.4069017171859741
-1.0617951154708862
-0.7572203874588013
-0.8419421315193176
0.11152367293834686
-0.7974327802658081
-0.5671951770782471
-0.9091281294822693
-1.0142149925231934
-1.496227741241455
-0.6773484349250793
-1.0013515949249268
-0.23972460627555847
-0.5355587601661682
-1.014254093170166
-1.1749753952026367
-0.6195304989814758
-0.09623390436172485
-0.9739882349967957
-0.6065817475318909
-1.0884443521499634
-0.19872042536735535
-1.2879061698913574
-1.371111512184143
-1.016028642654419
-1.2727546691894531
-1.180606484413147
-1.0989967584609985
-0.9678797125816345
-0.5692938566207886
-1.047041893005371
-1.1531654596328735
-0.9504701495170593
-1.9285122156143188
-1.0221182107925415
-1.1303318738937378
-1.192799687385559
-0.9334055185317993
-1.1352219581604004
-0.3093925714492798
-1.0529268980026245
-0.5405158996582031
-0.9768323302268982
0.07303217053413391
-0.8672456741333008
-1.0813498497009277
-0.8427339196205139
-0.9462407827377319
-0.8289505839347839
0.16753831505775452
-1.0517206192016602
-1.1811885833740234
-1.2784931659698486
-0.8293595314025879
-1.115539789199829
-0.6183415055274963
0.09236422181129456
-0.9542648196220398
-0.6865676045417786
-0.9395838975906372
-1.037355661392212
0.6094986796379089
-0.8286532163619995
-0.5978541374206543
-0.9673351645469666
-1.0409457683563232
-1.0943317413330078
-0.8766127228736877
-1.040237545967102
-0.9396052956581116
-0.7079017758369446
-0.9743300676345825
-0.826870858669281
-0.28448963165283203
-0.9122905135154724
-0.616574764251709
-1.0545060634613037
-0.8847783803939819
-1.2783238887786865
-0.5066762566566467
-0.8322008848190308
-1.4865936040878296
-0.9546290040016174
-1.5018709897994995
-0.9156427979469299
-1.1309630870819092
-0.9484559297561646
-1.297412395477295
-1.0524115562438965
-1.060086727142334
-0.9959427118301392
-0.22184419631958008
0.021393705159425735
-1.2375911474227905
0.3266010582447052
-1.2129713296890259
-0.45592764019966125
-0.4830886721611023
-1.6999403238296509
0.08195814490318298
-0.4664366543292999
-0.6528164744377136
-1.0221188068389893
-0.8519443273544312
-1.2472045421600342
-0.8476569652557373
-0.8468785285949707
-0.44145718216896057
-0.7106976509094238
-0.3112204372882843
-0.8473699688911438
-0.7936018109321594
-1.1351648569107056
-1.3248742818832397
-0.6498915553092957
-0.9782531261444092
-0.9999244809150696
-0.943205714225769
-1.1217938661575317
-1.0903701782226562
-0.21417194604873657
-0.3127969801425934
-1.1643471717834473
-0.7872815132141113
-1.6038284301757812
-1.0776727199554443
-0.24263301491737366
-0.5965149402618408
-0.5317187905311584
0.11831539869308472
-0.058635395020246506
-1.0708003044128418
-1.1773319244384766
0.16223427653312683
-0.900344967842102
-1.010575771331787
-0.9309974312782288
-1.5776197910308838
-0.24061059951782227
-1.3956137895584106
-0.7742547988891602
-0.8652807474136353
-1.1986150741577148
-0.5057883262634277
-1.1258152723312378
-0.967517614364624
-0.8058525919914246
-1.011173963546753
-0.6310347318649292
-1.5773911476135254
-0.9207677245140076
-0.7169768214225769
-0.8047791123390198
-0.7106416821479797
-0.8633324503898621
-0.3763459324836731
-0.854516863822937
-0.8431488275527954
-0.9414626955986023
-1.1369701623916626
-0.2723972201347351
-0.431522011756897
0.5020570158958435
-1.1292815208435059
-1.0178724527359009
-0.6568215489387512
-0.6574693918228149
-0.6198378801345825
0.05872340127825737
-0.7286929488182068
-0.3139255940914154
-1.0221881866455078
-0.9636011123657227
-0.7691898941993713
-0.6009426116943359
-1.1848502159118652
-1.1729761362075806
-1.0650384426116943
-1.0162675380706787
-0.9311537146568298
-1.0544006824493408
-1.1827564239501953
-0.9963108897209167
-1.0658671855926514
-0.9718524217605591
-1.7994495630264282
-0.6392629742622375
-0.4628584682941437
-0.8570161461830139
-1.241942286491394
-0.6057648062705994
-0.8471255302429199
-0.9230274558067322
-0.9535852670669556
-1.017587661743164
0.6893339157104492
-1.0494937896728516
-1.0145848989486694
-0.604004979133606
-0.8780721426010132
-1.2296010255813599
-0.909824550151825
-1.0182321071624756
-1.0267038345336914
-1.1644469499588013
-2.2322940826416016
-0.22251716256141663
-0.3540285527706146
-0.9981746077537537
-0.9500271677970886
-0.48509612679481506
-1.2610437870025635
-1.0228224992752075
-1.0463742017745972
-1.4674869775772095
-1.037848949432373
-1.121509075164795
-0.9935212731361389
-0.9571545720100403
-0.950432538986206
-1.2044570446014404
-0.9578715562820435
-0.4481029808521271
-1.0001890659332275
-0.9260790944099426
-0.7144597172737122
-1.4378116130828857
-1.3018049001693726
-0.5104358792304993
-0.37411850690841675
-0.6856634616851807
-1.5689507722854614
-0.503173291683197
-0.7825168967247009
-1.0245447158813477
-1.4270763397216797
-0.9161056280136108
-0.8776505589485168
-0.7073671817779541
-1.1368205547332764
-1.198351502418518
-0.9542526006698608
-1.0859228372573853
-0.5483789443969727
-0.19553980231285095
-1.154317021369934
-1.2594865560531616
-0.5479897260665894
-0.6447930335998535
-1.2270090579986572
-0.4158506691455841
-0.507622241973877
-0.4465146064758301
-1.1018110513687134
-0.9538297653198242
-0.6648445725440979
-0.9449036121368408
-0.8206725716590881
-0.4636309742927551
-0.2263001799583435
-0.6642006039619446
-0.2681789696216583
-0.5768831372261047
-1.0843610763549805
-0.7599008679389954
-0.3860730230808258
-0.8086414337158203
-0.3472118079662323
-0.46208083629608154
-1.2436084747314453
-0.8884226083755493
-0.7941998839378357
-1.182000994682312
-0.8244849443435669
-1.2383990287780762
-0.5185997486114502
-0.8853166103363037
-0.9840746521949768
-0.9685754179954529
-0.879744291305542
-0.6844733357429504
-0.8580664992332458
-0.636689305305481
-0.9170224070549011
-0.47843194007873535
-1.0769129991531372
-0.9174677729606628
-0.9505788683891296
-1.2603546380996704
-0.9487823843955994
-0.9764561057090759
-1.6494462490081787
-0.40891483426094055
-0.9430150389671326
-1.206726312637329
-1.0953949689865112
-1.1196590662002563
-0.02058696374297142
-0.8457682132720947
-0.9090020656585693
-0.8919245600700378
-0.9182127714157104
-0.26346057653427124
-1.1447638273239136
-0.3618549704551697
-1.047242283821106
-0.6394332647323608
-1.7948278188705444
-0.938755214214325
-0.8459706902503967
-1.0174851417541504
-1.1301220655441284
-1.2086271047592163
-1.161986231803894
-0.8809479475021362
-0.5921165943145752
-0.4523584544658661
-0.2980945408344269
-0.7862940430641174
-0.7232120633125305
-0.6798175573348999
-1.0956791639328003
-1.2111177444458008
-0.4866446852684021
-0.6499393582344055
-0.6419551968574524
-0.9368759989738464
-1.0122474431991577
-1.3823637962341309
-1.0702766180038452
-0.7718044519424438
-1.0565030574798584
-0.8144453167915344
-0.9597747921943665
-1.189137578010559
-0.4311228394508362
-0.40813976526260376
0.3332226872444153
-0.8480560183525085
-0.9748367667198181
-1.1614978313446045
-0.6590206027030945
-1.004773736000061
-0.9983587265014648
-1.0019179582595825
-0.9580691456794739
-1.1375408172607422
-0.8920041918754578
-0.616755485534668
-0.8806635737419128
-0.44717007875442505
-0.9981822967529297
-0.9388203024864197
-0.9975389242172241
-0.35023653507232666
-1.301778793334961
-0.903900682926178
-0.6009497046470642
-0.5274825692176819
-0.5881457924842834
-1.0326111316680908
-0.7556915879249573
-0.7971552014350891
-1.083420753479004
-1.21823251247406
-0.8407261967658997
-0.820112407207489
-0.8914526104927063
-1.0657360553741455
-1.1842129230499268
-0.9590585827827454
-1.1734366416931152
-0.897810697555542
-1.081812858581543
-0.9722145795822144
-0.8059619665145874
-1.0784308910369873
-0.9202377796173096
-0.5009700655937195
-1.0729670524597168
-0.19234009087085724
-0.8653891682624817
-0.9948739409446716
-1.042343258857727
-1.1755201816558838
-0.7972806096076965
-1.1849946975708008
-0.6562158465385437
-1.2421518564224243
-1.0781550407409668
-1.8775320053100586
-0.9827284216880798
-0.8521977066993713
0.026210520416498184
-1.0646456480026245
-0.7232259511947632
-0.850516140460968
-1.0510897636413574
-1.1500695943832397
-0.9771437644958496
-1.1341394186019897
-0.8978484869003296
-1.2596826553344727
-1.050681233406067
-0.8847692012786865
-1.097472906112671
-0.15195989608764648
-1.1198829412460327
-1.1355140209197998
-1.1750966310501099
-1.0429201126098633
-0.011342883110046387
-1.0693036317825317
-0.8161098957061768
-0.3031764626502991
-1.18831467628479
-0.7928363084793091
-0.8200609683990479
-1.0595333576202393
-0.5532103180885315
-1.1799473762512207
-0.5911707878112793
-1.0681872367858887
-1.1414822340011597
-1.0250760316848755
-0.8567214012145996
-1.031976580619812
-0.9317579865455627
-0.376255065202713
-0.7006565928459167
-0.6018357872962952
-0.921284556388855
-1.1211624145507812
-0.9378556609153748
-0.9444848299026489
-1.4124815464019775
-1.6543720960617065
-1.0208241939544678
-1.0532768964767456
-0.5143320560455322
-0.7371166944503784
-0.6568072438240051
-1.0413055419921875
-1.059687614440918
-0.9453425407409668
-1.1411714553833008
-1.1389477252960205
-1.150654673576355
-1.0634970664978027
-1.1538196802139282
-0.7615700960159302
-1.15993332862854
-0.03235698491334915
-1.054495096206665
-0.8965105414390564
-0.7589389681816101
-1.0927404165267944
-1.1272352933883667
-1.0093319416046143
-1.1096149682998657
-1.1703195571899414
-1.0617761611938477
-1.2843118906021118
-0.5629031658172607
-1.0365028381347656
-1.041475772857666
-1.334903597831726
-0.7293158173561096
-1.168151617050171
-0.6263130307197571
-0.7752611637115479
-1.2641041278839111
-0.4197251498699188
-1.1254159212112427
-1.0368489027023315
-1.0040653944015503
-0.4904170334339142
-0.8880414962768555
-1.22517991065979
-0.7637729644775391
-1.0615234375
-1.0336201190948486
0.6456954479217529
-0.5739654302597046
-0.5529527068138123
-1.0937726497650146
-0.9455527067184448
-0.9066354036331177
-0.7878383994102478
-0.9536016583442688
-1.1745572090148926
0.24129730463027954
-1.0670435428619385
-0.8108513355255127
0.026187274605035782
-0.5855796337127686
-0.6809393167495728
-0.5460751056671143
-0.07017676532268524
-0.25430041551589966
-1.145784616470337
-0.7420076131820679
-1.1183701753616333
-0.8360745310783386
-0.9759549498558044
-0.8953412175178528
-1.2378461360931396
-0.9839999079704285
-0.9618757367134094
-0.3786003291606903
-0.979136049747467
-0.4731989800930023
-0.979028046131134
-0.8304262757301331
-0.9932952523231506
-1.2131760120391846
-0.9090994596481323
-1.104002833366394
-0.7178458571434021
-1.0558761358261108
0.28001025319099426
-0.8021370768547058
-0.4263937473297119
-1.233925223350525
-0.9216100573539734
-0.5706055760383606
-0.3564218282699585
-0.6844329237937927
-1.0937079191207886
-1.0329208374023438
-1.020066738128662
-1.045300006866455
-0.8345440626144409
-1.3563350439071655
-0.6115980744361877
-0.8581858277320862
-1.0424758195877075
-0.8215340375900269
-1.0542267560958862
-0.9000656604766846
-0.9891155958175659
-0.7610346674919128
-0.8186593651771545
-0.833720862865448
-0.9988861083984375
-1.2320219278335571
-1.2078279256820679
-0.9709345102310181
-1.3854570388793945
-1.539088487625122
-0.7021383047103882
-1.150557041168213
-1.5028769969940186
-0.47901973128318787
-1.0469967126846313
-1.0051450729370117
-0.47206586599349976
-0.7831037640571594
-0.8441441059112549
-0.8328357338905334
0.0032765865325927734
-0.17700152099132538
-1.1723923683166504
-0.24825358390808105
-1.245184302330017
-1.0875043869018555
-1.1109613180160522
-1.1191011667251587
-0.8544436097145081
-0.9382724165916443
-1.1374015808105469
-1.0108113288879395
-0.6869470477104187
-1.216741919517517
-0.9352887272834778
0.16691800951957703
-0.958488404750824
-1.0354331731796265
0.7728773951530457
-1.0977665185928345
-1.0591875314712524
-0.9195118546485901
-1.087296485900879
-0.9797279238700867
-1.5728517770767212
-0.9206966757774353
-0.5943891406059265
-0.6024489402770996
-0.7218549251556396
-0.8053229451179504
-1.1456432342529297
-2.0213606357574463
-0.8067134022712708
-1.1886869668960571
-0.15859819948673248
-0.9548541903495789
-1.1274385452270508
-0.7166326642036438
-0.8782616257667542
-0.9334097504615784
-1.0234355926513672
-1.0192365646362305
-1.0458589792251587
-0.8946600556373596
-0.4789164662361145
-0.8754367232322693
-0.9086955785751343
-1.1191483736038208
-0.9866101741790771
0.09320209920406342
-1.0994656085968018
-1.1851531267166138
-0.9170137643814087
-1.1781927347183228
-1.066169023513794
-1.0899162292480469
-0.2976207137107849
-0.8894714713096619
-1.1040775775909424
-1.117425560951233
-0.911276638507843
-2.309840679168701
-1.0187853574752808
-0.36398300528526306
-1.0085467100143433
-0.9764246344566345
-1.124774694442749
-0.21842032670974731
-0.567959725856781
-0.7108411192893982
-0.6108732223510742
-1.1578547954559326
-0.724144458770752
-1.1299725770950317
-0.6723392009735107
-0.5609827041625977
-0.6491899490356445
-0.7524498701095581
-1.0041804313659668
-1.1907317638397217
-0.7723961472511292
-1.4491310119628906
-0.7583117485046387
-0.3891073763370514
-0.9155902862548828
-1.736367106437683
-0.4945472478866577
-0.7840737700462341
-1.1903681755065918
-1.0922834873199463
-0.9427050948143005
-0.9978441596031189
-1.0802714824676514
-0.9475893974304199
-0.9981784820556641
-1.324997901916504
0.036011312156915665
-1.103829264640808
-0.9733287692070007
-0.8593422770500183
-0.8093283772468567
-1.1053696870803833
-0.4200265407562256
-0.6813392043113708
-1.0137715339660645
-1.5054000616073608
-0.23806443810462952
-0.9289247989654541
-0.8400953412055969
-1.0362660884857178
-0.5871854424476624
-1.1782971620559692
-0.8616525530815125
-0.44271692633628845
-0.9864886999130249
-0.2190360426902771
-1.1032201051712036
-1.0194748640060425
-0.6557892560958862
-0.7883390188217163
-1.1397207975387573
-0.967163622379303
-0.7781140804290771
-1.1976135969161987
-1.030138373374939
-0.9501223564147949
-0.8407615423202515
0.09763774275779724
-1.1507668495178223
-1.1794836521148682
-0.9930294156074524
-1.0510571002960205
-0.9983473420143127
-0.5219383239746094
-0.9903050661087036
-1.0029551982879639
-0.46183574199676514
-1.1466295719146729
-0.8710739612579346
-0.6274115443229675
-0.8759534955024719
-0.5165045857429504
-0.9756958484649658
-0.591338038444519
-1.2343515157699585
-0.2920438051223755
-0.5663251280784607
-1.126593828201294
-0.9984109997749329
-1.022934913635254
-0.4676639437675476
-0.9609602689743042
-1.3001716136932373
-1.0117727518081665
-0.6512681841850281
-0.29000991582870483
-2.007354974746704
-1.1020058393478394
-0.8203403949737549
-1.1239486932754517
-0.9526047706604004
-0.7493019700050354
-0.7949029207229614
-0.6494618058204651
-0.4484989643096924
-1.2285898923873901
-1.0133082866668701
-1.2227987051010132
-0.5825467705726624
-0.9008389115333557
-1.4279507398605347
-1.9785929918289185
-0.7549843192100525
-0.5585680603981018
-0.9399241805076599
-0.7105543613433838
-1.3312212228775024
-1.1009019613265991
-1.1289150714874268
-0.4266471564769745
-0.8659441471099854
-1.0415472984313965
-1.003566026687622
-0.7621033191680908
-0.864359974861145
-1.2145353555679321
-0.2263506054878235
-0.6635028719902039
-1.0363099575042725
-1.3300259113311768
-0.606278121471405
-0.03689693287014961
-0.7000880241394043
-0.8043152093887329
-1.333836555480957
-1.0008543729782104
-0.11187931895256042
-1.3473258018493652
-1.1162676811218262
-1.1831773519515991
-1.0437229871749878
-0.8520175814628601
-0.8026265501976013
-1.3714892864227295
-1.1065349578857422
-1.0912885665893555
-1.1035940647125244
0.07368870079517365
-1.1368886232376099
-1.1906356811523438
-0.9951102137565613
-1.0510482788085938
-0.9551034569740295
-0.5651234984397888
-1.3440715074539185
0.07923513650894165
-1.2172214984893799
-1.081127643585205
-0.6235746741294861
