-0.31115880608558655
-0.2453337013721466
-0.0748877078294754
-0.4119570851325989
-0.13313569128513336
0.4103614389896393
-0.2431473731994629
-0.11927810311317444
-0.11723268032073975
-0.13201549649238586
-0.08459325134754181
-0.15295451879501343
0.5415278673171997
-0.052921224385499954
-0.3533725142478943
-0.5325660109519958
0.5373775362968445
0.23960864543914795
0.25508439540863037
-0.05507493019104004
0.019082624465227127
0.3212678134441376
0.35967835783958435
-0.3603580892086029
-0.06237603351473808
-0.3612094223499298
-0.18892662227153778
-0.7546200156211853
-0.2248232215642929
0.07026953995227814
-0.19883260130882263
-0.22422096133232117
-0.5910849571228027
-0.5173463225364685
-0.861475944519043
-0.17568862438201904
-0.10631709545850754
-0.2397652566432953
0.1827012002468109
-0.28368887305259705
-0.36927157640457153
-0.08840245008468628
0.05661812052130699
-0.010034840553998947
-0.22581227123737335
0.4719025492668152
-0.3385221064090729
0.168741837143898
-0.08349157869815826
0.023123715072870255
-0.15195579826831818
-0.13668537139892578
0.05145866796374321
-0.1983230710029602
0.3421943187713623
-0.325064480304718
-0.09525905549526215
-0.08710893988609314
-0.3539307117462158
-0.08171218633651733
-0.3280021846294403
0.02825692668557167
-0.04881187900900841
-0.5798993110656738
-0.4321770966053009
-0.5736105442047119
-0.4190509617328644
-0.08060799539089203
-0.11989657580852509
-0.3439914286136627
-0.17992421984672546
-0.009545065462589264
0.5705496072769165
0.18212494254112244
-0.5402299165725708
-0.4736918807029724
-0.5081236958503723
0.4998711943626404
-0.6147347688674927
0.07334229350090027
0.1339183896780014
0.47872042655944824
0.30411598086357117
0.13297247886657715
-0.3685503304004669
0.3119523823261261
0.23792216181755066
-0.1153356283903122
-0.46122246980667114
-0.2857836186885834
0.06527195870876312
-0.357651025056839
-0.7167072296142578
-0.03079185262322426
-0.07830594480037689
-0.37802305817604065
0.24970602989196777
-1.4293582439422607
0.04601303115487099
-0.5888915657997131
0.05587040260434151
0.1107414960861206
-0.3124941289424896
0.11620476841926575
0.18917517364025116
-0.36774352192878723
-1.0584162473678589
-0.45765331387519836
-0.34559282660484314
0.3149431347846985
0.36986225843429565
-0.0962967723608017
-0.3344714045524597
-0.3175773024559021
0.3419992923736572
0.023795712739229202
-0.0590430349111557
0.3203863501548767
0.3840746283531189
-0.08835436403751373
-0.06299819052219391
-0.48733147978782654
-0.35677874088287354
-0.38138094544410706
-0.2533370554447174
0.0072962455451488495
0.16501246392726898
0.04481929913163185
-0.5406540036201477
-0.13196270167827606
-0.02756708487868309
0.08687776327133179
-0.17201641201972961
-0.16859684884548187
-0.12550728023052216
-0.3077172636985779
-0.2741434574127197
-0.36977338790893555
-0.06539388000965118
-0.35431888699531555
-0.13328929245471954
-0.3764621317386627
-0.4578801989555359
-0.4084234833717346
-0.1563834547996521
-0.08050268888473511
0.15336096286773682
-0.7907968163490295
-0.287020742893219
-0.2734241187572479
0.1664753258228302
-0.6655650734901428
-0.27919137477874756
-0.19218282401561737
-0.32110434770584106
-0.2537679672241211
-0.3969286382198334
0.27080246806144714
-0.17186711728572845
-0.3705504536628723
-0.30649128556251526
0.25810506939888
-0.5175338983535767
-0.4929352402687073
-0.21312503516674042
-0.08814635127782822
-0.04207094386219978
0.20634666085243225
0.3249853253364563
0.025909308344125748
0.028264809399843216
0.3125089108943939
-0.052284836769104004
-0.5791228413581848
-0.27904683351516724
0.05193090811371803
0.20048922300338745
0.4663601517677307
-0.21542249619960785
-0.33166274428367615
-0.18971069157123566
-0.22603455185890198
-0.23756609857082367
0.46225935220718384
0.1026989072561264
-0.18561312556266785
-0.4266825318336487
0.2179526388645172
0.47436726093292236
-0.9372143149375916
-0.02641354501247406
-0.42121434211730957
-0.06539388000965118
-0.13113750517368317
0.550554096698761
-0.051310647279024124
-0.5509780049324036
0.4332787096500397
0.18377698957920074
0.3184831440448761
-0.11692224442958832
-0.2681216299533844
-0.24994710087776184
-0.12806501984596252
-0.24866360425949097
-1.1338777542114258
-0.4080534279346466
0.4920154809951782
0.45644116401672363
0.30935993790626526
0.07083988189697266
-0.01939896121621132
-1.2230106592178345
-0.42506143450737
-0.504947304725647
-0.16604392230510712
-0.15093205869197845
0.12009990215301514
-0.06887082755565643
-0.29655104875564575
-0.008303668349981308
0.11968463659286499
0.38264939188957214
-0.36425405740737915
-0.09800464659929276
-0.4776027798652649
-0.07356375455856323
-0.3618376851081848
-0.6683701276779175
-0.05520940572023392
-0.47603505849838257
-0.07840113341808319
0.03238150104880333
0.21522468328475952
0.2666166424751282
-0.6830176115036011
-0.6433362364768982
-0.24426177144050598
-0.4730486273765564
-0.46124446392059326
0.258042573928833
-0.7329772114753723
-0.29454052448272705
0.6021965146064758
-0.060742903500795364
-0.3168487548828125
-0.07629841566085815
-0.07268869876861572
-0.1804836094379425
-0.05797373875975609
-0.3470267355442047
-0.3564715087413788
0.21230411529541016
-0.07176373898983002
-0.8085517883300781
-0.21116361021995544
-0.020793762058019638
-0.37984925508499146
-0.034139715135097504
0.1747676283121109
0.5556786060333252
0.03507091477513313
-0.3655323088169098
-0.1496036797761917
0.21726694703102112
0.1526201367378235
-0.7680861949920654
-0.5357813835144043
-0.1094803512096405
-0.686486542224884
-0.05313565954566002
-0.8984898328781128
0.1712983101606369
0.06392420828342438
-0.4159955382347107
0.5378284454345703
0.15345452725887299
-1.7176711559295654
-0.323681503534317
0.023937884718179703
-0.04388382285833359
0.6131629347801208
-0.113539919257164
0.15337374806404114
-0.3198525607585907
-0.4576776921749115
0.15141761302947998
-0.5205308794975281
0.03701149299740791
-0.0710805356502533
-0.3053295910358429
0.12456494569778442
-0.07529948651790619
0.7241862416267395
-0.3201625943183899
-0.18204477429389954
-0.053703609853982925
-0.057290494441986084
-0.7241611480712891
-0.37799742817878723
0.06976020336151123
0.05820675566792488
0.1297394335269928
-0.4867655634880066
0.43877580761909485
0.20852065086364746
-0.312436580657959
-0.2420797049999237
-0.28960511088371277
-0.08449059724807739
0.12990489602088928
-0.08603888750076294
-0.04386148974299431
-0.2892441749572754
0.335527241230011
-0.3184810280799866
0.4113348424434662
-0.34532108902931213
-0.39277184009552
-0.46347883343696594
-0.46866655349731445
-0.15577438473701477
-0.40352538228034973
-0.2421552836894989
0.04953194782137871
-0.3727218806743622
-0.4161974787712097
-0.2594076097011566
0.1423095166683197
-0.21499933302402496
-0.9075143933296204
0.0376579724252224
0.35186445713043213
-0.3551280200481415
-0.2956256568431854
-0.08623625338077545
-0.12699653208255768
-0.4470572769641876
-0.2174486219882965
-0.4878265857696533
0.18459317088127136
0.04991811141371727
-0.43853759765625
-0.038753774017095566
0.19527551531791687
-0.1292494833469391
0.2513558268547058
0.3522813320159912
0.1021604835987091
-0.18829604983329773
-0.05364613980054855
-0.4816373288631439
0.04597585275769234
0.6282809972763062
0.3029647469520569
-0.1839461624622345
0.03673086687922478
0.5302726030349731
0.0685538500547409
-0.19173142313957214
0.1758156716823578
0.33163565397262573
-0.09821087121963501
-0.3118872344493866
-0.5391978025436401
0.04509592428803444
-0.44943681359291077
-0.12068213522434235
-0.02229592762887478
-0.7939518690109253
-0.4310234785079956
0.16838300228118896
0.0671331137418747
-0.0262451209127903
0.27279409766197205
0.13418442010879517
0.44335243105888367
-0.47711294889450073
0.20073425769805908
0.11468043923377991
-0.8640739917755127
-0.46372684836387634
0.061410244554281235
-0.09232601523399353
-0.5829427242279053
-0.5468347668647766
-0.43035757541656494
-1.228467345237732
0.08554999530315399
0.001101214438676834
-0.8170394897460938
0.036815542727708817
-0.24114036560058594
-0.26508575677871704
0.6453822255134583
0.5877335667610168
-0.1531265825033188
0.18408191204071045
0.13979622721672058
-0.030599499121308327
0.19699391722679138
-0.23454290628433228
-0.7721787095069885
-0.004050929099321365
-0.4928506314754486
-0.019885290414094925
0.3794984221458435
0.013574983924627304
-0.07348889112472534
0.0032719001173973083
-0.14518985152244568
0.024247873574495316
-0.31252938508987427
0.07163424789905548
-0.0478021614253521
-0.15410485863685608
-0.1499219834804535
-0.2666819989681244
-0.01365787535905838
0.004897039383649826
-0.09382977336645126
-0.07883119583129883
-0.21666687726974487
-0.07514102756977081
0.06324389576911926
-0.44610053300857544
-0.6475751399993896
-0.1277308166027069
-0.25631919503211975
-0.728168785572052
-0.1754220724105835
-0.34720972180366516
0.39216336607933044
-0.20558185875415802
-0.10074463486671448
0.02824820950627327
-0.28705665469169617
-0.139566570520401
-0.36212247610092163
-0.019237332046031952
0.07162238657474518
-0.16977250576019287
0.13020867109298706
-0.06650221347808838
-0.678353488445282
0.10527181625366211
-0.23214709758758545
-0.2877834737300873
-0.42992103099823
-1.4044554233551025
-0.09822817146778107
-0.28340986371040344
0.28020381927490234
0.39175426959991455
-0.28764674067497253
-0.3685794472694397
-1.2816790342330933
-0.1140996664762497
-0.3466041386127472
-0.7263566255569458
0.07974913716316223
-0.7566717863082886
-0.43839648365974426
-0.35465317964553833
-0.2561540901660919
-0.355923056602478
0.21246477961540222
-0.23220299184322357
-0.5620625019073486
0.37860485911369324
0.11673401296138763
-0.7424483895301819
0.36747509241104126
-0.6685613989830017
-0.28603842854499817
0.007819969207048416
-0.13261477649211884
-0.07907193899154663
-0.29143232107162476
-0.18339700996875763
0.28354212641716003
-0.1963772028684616
-0.10725795477628708
-0.24151453375816345
0.22473442554473877
-0.03997909277677536
-0.11305183172225952
-0.46184468269348145
0.013192746788263321
-0.4223024845123291
-0.08114591240882874
-0.24940769374370575
-0.1476786732673645
-0.2658359408378601
-0.3105507791042328
-0.45615705847740173
-0.03327760100364685
0.043873246759176254
-0.4243369400501251
-0.2691974341869354
-0.50747150182724
-0.1598033607006073
0.02160092070698738
-0.11362436413764954
-0.7958621382713318
-0.16729234158992767
0.024189312011003494
-0.4354746341705322
0.006725970655679703
-0.3478371500968933
0.06219814345240593
-0.08907042443752289
-0.44976723194122314
-0.31852689385414124
0.28896138072013855
0.1920432448387146
-0.30526769161224365
0.03893620893359184
-0.3506738245487213
-0.3743637800216675
0.08302956819534302
-0.12596742808818817
-0.28442105650901794
-0.06600920855998993
0.6360195875167847
-0.21762414276599884
0.2246963083744049
-0.23293596506118774
-0.03693170100450516
0.15957358479499817
0.062035057693719864
-0.1046580821275711
-0.44394946098327637
0.025504957884550095
-0.34827226400375366
0.13283589482307434
0.024917874485254288
-0.6782936453819275
-0.6051867008209229
-0.7890335321426392
-0.2665424048900604
-0.21926915645599365
-0.03368683531880379
-0.44001030921936035
0.34140607714653015
-0.2360207736492157
0.32857954502105713
0.004399191588163376
0.23876962065696716
-0.8803748488426208
-0.3829786479473114
-0.27650216221809387
0.36179161071777344
0.25172191858291626
0.5838811993598938
-0.13956685364246368
-0.10063915699720383
-0.06947988271713257
-0.16962388157844543
-1.1904332637786865
-0.6253549456596375
0.3085680603981018
-0.4523664712905884
0.4685431718826294
-0.20973211526870728
-1.7745208740234375
-0.07215476036071777
-0.5024347305297852
-1.1394373178482056
0.337314635515213
-0.43104276061058044
-0.9185757040977478
0.2926563322544098
-0.3135662078857422
-0.14816591143608093
-0.22640064358711243
-0.4403574764728546
0.4449431896209717
0.3300684690475464
0.08615554869174957
0.035086143761873245
-0.22461214661598206
-1.0710736513137817
-0.0888875275850296
-0.5577442646026611
-0.7590762376785278
-0.4806636571884155
0.13658276200294495
-0.3607299327850342
0.5103105902671814
0.5192041993141174
-0.03381156548857689
-0.40438923239707947
-0.3864387273788452
0.07264889776706696
-0.6502225399017334
0.16971424221992493
-0.3631644546985626
-0.4375302195549011
-0.23494786024093628
0.10756692290306091
-0.3113643229007721
-0.48597121238708496
0.1125982254743576
-0.26137176156044006
0.07121850550174713
-0.24008139967918396
0.7000221014022827
0.536827564239502
-0.6409029364585876
-0.30054304003715515
0.30244484543800354
-0.5013505220413208
-0.5742859840393066
-0.48444119095802307
-0.10531444847583771
0.027359049767255783
-0.1813516914844513
-0.08180172741413116
0.08658784627914429
-0.060756999999284744
-0.1375165730714798
0.47316306829452515
-0.06120362505316734
-0.17704495787620544
-0.4827426075935364
0.48766088485717773
-0.676710844039917
-0.06153199449181557
-0.26930129528045654
-0.3713821768760681
-0.022650096565485
-1.7320512533187866
-0.7335145473480225
0.0075541771948337555
-0.49208399653434753
-0.09088215231895447
-0.17483820021152496
-0.8531856536865234
0.4489891529083252
-0.09128345549106598
-0.7376085519790649
-0.4045912027359009
-0.05300300940871239
0.1594378501176834
-0.20760223269462585
0.5841697454452515
-0.10350976884365082
-0.6617926955223083
-0.8680574297904968
-0.39678314328193665
-0.5485491156578064
-0.6244065761566162
-1.0477538108825684
0.10420890152454376
-0.049056198447942734
-0.20768427848815918
0.314992219209671
-0.47857755422592163
-0.4198271632194519
-0.006785675883293152
0.21468409895896912
-1.2130153179168701
-0.6829089522361755
-0.27300623059272766
-0.9042486548423767
-0.17403702437877655
-0.2417963147163391
0.6243571639060974
-0.477708101272583
-0.32010942697525024
-0.01814916357398033
-0.4149848222732544
-0.3230741024017334
-0.13777194917201996
0.5542365312576294
0.07505480945110321
-0.3771992325782776
-0.47699615359306335
-0.5948784351348877
0.43889695405960083
-0.7449063062667847
-0.41852280497550964
-0.20297931134700775
-0.2858261466026306
-0.3043059706687927
0.1525300145149231
0.7448304295539856
-0.49001258611679077
-0.1659173220396042
0.44149237871170044
-0.09585493803024292
0.24854448437690735
-0.1626737266778946
0.20423412322998047
-0.10577300935983658
-0.2744920551776886
-0.3149656355381012
-0.3998558521270752
-0.16410718858242035
-0.5214540362358093
-0.39894458651542664
-0.45516228675842285
0.14755842089653015
0.4745107889175415
-1.1705310344696045
-0.5877130031585693
-0.19361695647239685
-0.48538738489151
-0.20222480595111847
0.47738248109817505
-0.7718307375907898
0.24640870094299316
-0.46054959297180176
-0.5201996564865112
-0.601589560508728
-0.15459485352039337
0.21866554021835327
0.18766547739505768
-0.3824009597301483
-0.31976282596588135
-0.0301242396235466
-0.5751731991767883
-0.5428594350814819
0.16369107365608215
0.3506924510002136
0.6785594820976257
-0.15540355443954468
-0.5732356905937195
0.13178503513336182
-0.40968140959739685
-0.5007347464561462
-0.3145926594734192
-0.4510406255722046
-0.038041114807128906
-0.21728573739528656
-0.8350400328636169
-0.5105846524238586
-0.596416175365448
-0.7441375851631165
0.4802699685096741
0.42937296628952026
-0.03685637190937996
-0.2535529136657715
0.3884151577949524
-0.5817973017692566
0.18622401356697083
-0.11741876602172852
-0.33539798855781555
0.09678657352924347
-0.3666751980781555
-0.3029400110244751
-0.22549204528331757
0.2994525134563446
-0.33976659178733826
0.15738798677921295
-0.5016644597053528
-0.06692783534526825
0.25081756711006165
0.018627475947141647
-0.5736237168312073
0.18418380618095398
-0.16543811559677124
-0.741968035697937
-0.6079639196395874
-0.2911026179790497
0.12752190232276917
-0.054179560393095016
-0.0667521208524704
-0.8128936886787415
-0.9986202716827393
0.05797619745135307
-0.5233113169670105
0.0209336020052433
-0.4419545829296112
0.13369379937648773
0.3329167366027832
-0.07653887569904327
0.023590240627527237
0.07283489406108856
-0.3825666308403015
0.32948702573776245
-0.38648802042007446
-0.46606534719467163
-0.09077901393175125
0.17860646545886993
-0.18775859475135803
0.09574723243713379
0.10461635887622833
0.16441388428211212
-0.7561879754066467
-0.034879110753536224
-0.26864027976989746
0.028803948312997818
-0.32046931982040405
-0.7123751044273376
0.309416264295578
0.4016622304916382
-0.5054780840873718
-0.13552387058734894
0.0256466306746006
0.1676260381937027
-0.17907539010047913
-0.2831210196018219
-0.3215595483779907
-0.05279269069433212
-0.3920433521270752
-1.3916736841201782
-0.36394089460372925
0.15642984211444855
0.05708510801196098
-0.33790549635887146
-0.4211098849773407
0.055335137993097305
-0.37660181522369385
-0.23292115330696106
-0.26351964473724365
0.16524867713451385
0.07357068359851837
-0.3414367139339447
-0.3431456387042999
-0.4091375172138214
-0.417418509721756
-0.15946854650974274
-0.4365708827972412
0.10011416673660278
-0.07088828831911087
-0.2910631000995636
0.42701026797294617
0.22630766034126282
-0.3246347904205322
-0.28927507996559143
0.09706991910934448
0.08563090860843658
0.44249609112739563
-0.1429588347673416
-0.39393728971481323
0.29434484243392944
-0.611869752407074
-0.8740060925483704
-0.442665159702301
-0.413500040769577
0.25187721848487854
0.08243779838085175
0.19126993417739868
0.055883508175611496
-0.32975006103515625
-0.2226138859987259
-0.8069500923156738
0.08107344806194305
-0.21235035359859467
-0.4228023886680603
0.14770828187465668
-0.23531274497509003
-0.442207932472229
0.11386401951313019
-0.09543493390083313
-0.14269264042377472
-0.03204723447561264
0.08256392180919647
-0.41441524028778076
-0.17141713201999664
-0.19703228771686554
-0.6286711692810059
-0.5967245101928711
-0.3780481219291687
-0.07670953869819641
-0.26786544919013977
0.7311823964118958
-0.8181357979774475
-0.17797905206680298
-0.09072379767894745
0.2999221980571747
-0.7481647729873657
-0.1735297590494156
-0.38872480392456055
-0.2986575663089752
0.1390770673751831
-0.4158126413822174
0.1263878047466278
-0.0836503654718399
0.1957360804080963
-0.39044708013534546
-0.5860884785652161
-0.5015348196029663
0.25631365180015564
0.0027023032307624817
-0.21107624471187592
-0.1419001966714859
-0.16409030556678772
-0.6520362496376038
-0.6243810653686523
0.27811819314956665
-0.16099171340465546
-0.4172402024269104
0.22836661338806152
0.4023340344429016
-0.19880259037017822
0.11536833643913269
-0.5172586441040039
-0.38574540615081787
-0.33354365825653076
-0.6911171078681946
0.24444368481636047
-0.9761496186256409
-0.6756218075752258
-0.2047080248594284
-0.10458612442016602
0.029008779674768448
-0.1473783701658249
-0.1636430323123932
0.39939889311790466
-0.26935189962387085
0.4524186849594116
-0.09928557276725769
0.39912348985671997
0.09462793171405792
-0.34917888045310974
0.21484005451202393
0.2389221489429474
0.024007413536310196
-0.42058849334716797
-0.17282862961292267
-0.3189246356487274
-0.22895489633083344
0.15905027091503143
-0.48445791006088257
-0.43532878160476685
-0.6322469115257263
-1.2980754375457764
-0.07778565585613251
-0.5472021102905273
0.22803711891174316
-0.1586909294128418
-0.3274972438812256
-0.3775203824043274
-0.42571768164634705
-0.1585165560245514
-0.23995302617549896
0.005581807345151901
-0.20549964904785156
-0.33350008726119995
0.17428544163703918
-0.2735922634601593
0.42167478799819946
-0.08299963176250458
-0.4791296124458313
0.49125874042510986
-0.34581106901168823
-0.015029240399599075
-0.0193256214261055
-0.270048588514328
-0.191956028342247
-0.12732172012329102
0.44396474957466125
0.31767138838768005
-0.00780830904841423
-0.18499422073364258
-0.12722977995872498
-0.5246548652648926
-0.5561968684196472
-0.4693017899990082
0.053707946091890335
-1.5102224349975586
0.8594875335693359
0.42621418833732605
-0.1784074604511261
-0.7606340646743774
-0.5920997858047485
0.14310738444328308
0.049497995525598526
-0.6984157562255859
-0.0672728419303894
-0.2228870838880539
-0.16496184468269348
0.2754670977592468
0.16838474571704865
0.2116081416606903
0.11783535778522491
-0.08206752687692642
-0.1072148010134697
-0.2970632314682007
-0.18354184925556183
0.30472531914711
0.43059036135673523
-0.20958392322063446
-0.40626925230026245
-0.3592296242713928
-0.3899765610694885
0.10300745069980621
-0.1525968462228775
0.04628007486462593
0.7455350160598755
-0.13080863654613495
-0.641619861125946
0.4385954439640045
0.03655395284295082
-1.2185337543487549
0.24399811029434204
0.06718997657299042
-0.08446533232927322
-2.152116060256958
0.17460674047470093
-0.26764872670173645
-0.6632508635520935
-0.16365042328834534
-0.5589069128036499
-0.5240291953086853
0.1337214708328247
-0.019835781306028366
0.0467841811478138
-0.029300451278686523
-0.14530423283576965
-0.2443595826625824
-0.3166888952255249
0.05818243697285652
0.03836962953209877
0.14226531982421875
-0.23664093017578125
0.3114825487136841
0.16016486287117004
0.6109912991523743
-0.3205009996891022
-0.6559458374977112
-0.2923506200313568
-0.8173960447311401
-0.996829628944397
0.1436823010444641
-0.5885254144668579
0.01740933582186699
-0.163468599319458
0.4986335039138794
0.004320446401834488
-0.3310990035533905
-0.6450137495994568
-0.46109235286712646
-0.23143552243709564
-0.10628145933151245
0.06287264823913574
-0.6444632411003113
-0.3200052082538605
-0.016652923077344894
-0.5466883182525635
-0.27384594082832336
-0.40864360332489014
-0.1302434653043747
-0.0016947835683822632
0.21661698818206787
-0.16503052413463593
-0.05007172003388405
-0.23025847971439362
-0.761835515499115
0.34451615810394287
-0.17084841430187225
0.02527286484837532
0.21505513787269592
0.19919776916503906
-0.38522854447364807
-0.8526737689971924
0.2614474594593048
-0.2533087432384491
-0.2947660982608795
-0.04113444313406944
-0.2045772522687912
0.00984252616763115
-0.23801282048225403
0.16082081198692322
-0.8506807684898376
-0.492401123046875
-0.023890599608421326
0.27722787857055664
-0.020211171358823776
-0.279906302690506
-0.004122115671634674
0.6050737500190735
-0.10927672684192657
-0.39945992827415466
-0.29912570118904114
-0.4421989917755127
-0.22551622986793518
-0.09258438646793365
-0.11527281999588013
-0.5222062468528748
0.11058038473129272
-0.4072822630405426
0.17439550161361694
-0.3801184594631195
-0.26750949025154114
0.2791856527328491
-0.9418108463287354
0.007973842322826385
-0.42406409978866577
-0.7474861145019531
-0.7304289937019348
-0.1491919457912445
-0.16255106031894684
-0.07603347301483154
-0.7290713787078857
0.00962160900235176
0.016384582966566086
-0.5646902918815613
-0.3196497857570648
-0.26585718989372253
-0.17083346843719482
0.2326524257659912
0.03176649287343025
-0.10400684922933578
-0.02306341752409935
-0.05343255028128624
-0.3231915831565857
0.4215463697910309
-0.6687283515930176
0.2534695565700531
-0.218790665268898
-0.268082857131958
-0.4347386360168457
0.21600210666656494
-0.7705605030059814
-0.34810522198677063
-1.5981179475784302
0.540522575378418
-0.33241161704063416
0.5675312876701355
-0.382430762052536
-0.41420936584472656
0.4119146764278412
-0.3794856667518616
-0.01707502081990242
-0.2118636965751648
-0.06672580540180206
-0.3519991338253021
0.3745461404323578
-0.3265620172023773
-0.2690548002719879
0.22061756253242493
-0.06786184012889862
-0.10738953202962875
0.08891372382640839
-0.20493696630001068
-0.4802187979221344
0.4813755750656128
0.3467905521392822
-1.6234666109085083
-0.07657094299793243
-0.23350749909877777
0.48511409759521484
0.321336030960083
-0.06859555095434189
-0.07904697954654694
-0.11299939453601837
0.15852245688438416
-0.41595008969306946
-0.5194306373596191
-0.2875198423862457
-0.12728358805179596
-0.41077154874801636
-0.1083318367600441
-0.5230186581611633
0.06683723628520966
