-0.7196218967437744
-0.5532602071762085
-1.754145622253418
0.12305586040019989
-0.6784231066703796
-0.5629975199699402
-0.9505274891853333
-0.2684951424598694
-1.1721800565719604
-0.8877444267272949
-0.3559775650501251
-0.7788562178611755
-0.8305879831314087
-0.8320840001106262
0.42789581418037415
-1.08846914768219
-0.41528886556625366
-1.9989475011825562
-0.18875360488891602
-0.7816691994667053
-1.5526447296142578
-0.9951189756393433
-1.1700043678283691
-1.2645390033721924
-0.8763682246208191
-0.6199909448623657
-0.6538923382759094
-0.7917100191116333
-0.7169488072395325
-0.6225032210350037
-0.6280025243759155
-0.7552672028541565
-0.6868457198143005
-0.40129929780960083
-1.5313341617584229
-0.5398799180984497
-0.5595037937164307
-0.6104404330253601
0.3582349419593811
-0.4639758765697479
-0.4400230050086975
-0.6271529197692871
-0.9353174567222595
-0.39373528957366943
-0.8867677450180054
-1.0645551681518555
0.16029293835163116
-0.181484654545784
-0.34024596214294434
-0.7853134870529175
-0.8211038708686829
-0.33437657356262207
-0.8566544651985168
-0.059680115431547165
-1.1714731454849243
-0.8311751484870911
-0.43123647570610046
-0.8471512198448181
-1.078925371170044
-0.6237103343009949
0.2377956211566925
-0.07214091718196869
-1.2946772575378418
-0.4179326593875885
-0.7858434319496155
-0.46915945410728455
-1.0982389450073242
-0.6962568759918213
-0.9744595885276794
-0.9637311100959778
-0.7478426694869995
-0.12136135995388031
-0.7347092032432556
-1.1386003494262695
-0.522455096244812
-0.8142557144165039
-0.9801635146141052
-1.4244734048843384
-1.1999717950820923
-0.3256610035896301
-0.6548320055007935
-1.0642808675765991
-0.8326960802078247
-0.7679690718650818
-0.34823182225227356
-0.2040453553199768
-1.1584869623184204
-0.5262581706047058
-0.9411075115203857
-0.4964810907840729
-1.6915359497070312
-0.023756444454193115
-1.835280179977417
-1.304253101348877
-0.17059426009655
-0.33418524265289307
-1.0323512554168701
-1.5854103565216064
-1.0297311544418335
0.3520623445510864
-0.8436890840530396
-0.6014401316642761
-1.382337212562561
-0.9248325228691101
-0.7891002297401428
-0.13039042055606842
-0.7032520771026611
-0.6247947216033936
-0.8715429306030273
-0.5806281566619873
-0.8808961510658264
-0.8819854855537415
-0.8779380917549133
-0.03428706154227257
-1.1753884553909302
-0.4719187021255493
-0.6696515679359436
-1.2220323085784912
-0.4781285524368286
-0.7197311520576477
-0.57943195104599
-0.720268726348877
-0.6123731136322021
0.6120033860206604
-0.8389270305633545
-1.1471449136734009
-0.32005825638771057
0.02581082656979561
-0.8982911705970764
-1.4496068954467773
-0.6568360924720764
-1.0992141962051392
-0.299543559551239
-0.20284205675125122
-0.7203999161720276
-0.8586551547050476
-0.23792244493961334
-1.381324052810669
-0.5611425042152405
0.7369845509529114
-0.6393398642539978
-0.34463557600975037
-0.684063732624054
-0.4614020586013794
0.3187328279018402
-0.470846951007843
-0.7879742980003357
-0.7789007425308228
-0.5754113793373108
-0.5426421165466309
-0.5634089112281799
-0.42227429151535034
-0.8702947497367859
-1.0403289794921875
-0.5204418897628784
-0.6337485909461975
-0.6528744101524353
-0.7147119045257568
-0.5845353007316589
-0.7211334109306335
-1.2612807750701904
-0.9041962027549744
-0.48442432284355164
-1.0836347341537476
-0.7426896691322327
-1.4640294313430786
-0.7041935324668884
-0.9725930094718933
-0.5408644676208496
-0.5362824201583862
0.2943892478942871
-0.5455036759376526
-0.9350812435150146
-0.47015735507011414
-0.6265060305595398
-0.28677648305892944
0.1191503256559372
-1.1468223333358765
-0.6417537331581116
-0.6709001064300537
-0.7459912896156311
-1.3513965606689453
-0.3744855523109436
-0.35616445541381836
-0.7946882843971252
-1.6052249670028687
-0.6050416827201843
-0.7586339116096497
-0.61259526014328
-1.5533603429794312
-0.20115071535110474
-0.8047133088111877
-0.36761683225631714
-1.7146092653274536
-0.5281428694725037
-0.5945583581924438
-0.8760040402412415
-0.7940406799316406
-0.4892074465751648
-0.998537003993988
-0.5534065961837769
-0.7014541029930115
-0.9012293219566345
-0.733978807926178
-0.8693599104881287
-1.3560590744018555
-0.4490965008735657
-0.2641647160053253
-0.6517888903617859
-0.9617903232574463
-0.7076013684272766
-0.792020857334137
-1.1559078693389893
-1.3441855907440186
-1.6395769119262695
0.355294406414032
-0.7979877591133118
-0.5713417530059814
-0.9099553823471069
-0.2745252251625061
-1.2581933736801147
-1.0603410005569458
-0.9606473445892334
-0.24577510356903076
-0.45065420866012573
-1.31925368309021
-0.4768173396587372
-0.6587386131286621
-2.0592825412750244
0.13020466268062592
-0.6578732132911682
-0.3514449894428253
-0.626480758190155
-0.7472811341285706
-0.7336085438728333
-1.699474573135376
-0.8730887770652771
-0.5331073999404907
-0.9576625823974609
-1.90889573097229
0.32037410140037537
-0.4042189121246338
-0.5987156629562378
-1.559262752532959
-0.1915714144706726
-0.16760747134685516
-0.40074044466018677
-1.1024401187896729
-0.5062013268470764
-0.4430233836174011
-0.32364723086357117
-0.4738033413887024
-0.9677099585533142
-0.2761964499950409
-0.6674917340278625
-0.8029466271400452
-0.7595030665397644
-1.4700638055801392
-0.6279280781745911
-0.8158614635467529
-1.095304250717163
-1.131543517112732
-0.3338991105556488
-0.5740602016448975
-0.5334264636039734
-0.905816912651062
-0.9337055683135986
-0.9052464365959167
-0.49166423082351685
-0.8247331976890564
0.0893271416425705
-0.8976837992668152
0.2661772072315216
-1.1413134336471558
-0.6286249160766602
-1.3102943897247314
-0.8145618438720703
-1.0409259796142578
-0.7472394108772278
-0.3335471749305725
-0.5920848846435547
-0.46496346592903137
-0.6675952076911926
-1.0792419910430908
-0.8669826984405518
-0.4514091908931732
-0.2949519157409668
-0.29793810844421387
-1.3690414428710938
-0.9857190251350403
-1.131791114807129
-0.37197238206863403
-0.7623380422592163
-1.0395841598510742
-0.9033474922180176
-0.8371065855026245
-1.1321264505386353
0.41864830255508423
-1.0239970684051514
-0.6349746584892273
-1.216514229774475
-1.084182620048523
-1.0049591064453125
0.24784338474273682
-1.9236407279968262
-0.4041823744773865
-0.33382296562194824
-0.5718075037002563
-0.17929966747760773
-0.6204118132591248
-0.7072510123252869
-0.6553888320922852
-0.7323740124702454
-1.1859936714172363
-0.9712518453598022
-0.6205680966377258
-1.2130749225616455
-0.847455620765686
-0.9036408066749573
-2.004990816116333
-0.7146767973899841
-2.0564122200012207
-0.370847225189209
-1.0480766296386719
-1.025791883468628
-0.8565838932991028
-0.753460168838501
-0.6270678043365479
-1.04775869846344
-1.2224088907241821
-0.359291672706604
-0.7723093032836914
-1.0476664304733276
-0.7190770506858826
-1.1718518733978271
-1.0813274383544922
-0.6971377730369568
-0.580619215965271
-1.8471773862838745
-1.2127658128738403
-1.8523143529891968
-0.1936509609222412
-0.26033204793930054
-0.7990055084228516
-1.6115790605545044
0.5014897584915161
-0.3066370487213135
0.12298037111759186
-0.5941836833953857
-0.5317842960357666
-0.7990466356277466
0.4063829481601715
-1.0001064538955688
-1.3994728326797485
-0.5326719284057617
-1.145795464515686
-1.0100685358047485
-0.9633634686470032
-1.3297545909881592
-0.1643473505973816
-0.424317866563797
0.5901951789855957
-0.3394310176372528
-0.4163864552974701
-0.6956592202186584
-0.466921329498291
-0.9447885155677795
-0.7201979756355286
-1.2143383026123047
-0.8006282448768616
-0.3892972469329834
-0.6292957663536072
-1.0845210552215576
-0.8231553435325623
-0.26167094707489014
-0.734003484249115
-1.7444071769714355
-0.5585994124412537
-0.48483142256736755
0.24320167303085327
-0.8753935694694519
-0.24387691915035248
-0.8024166822433472
-0.4433717727661133
0.06657366454601288
-0.22726404666900635
-0.4799003601074219
-0.4273892045021057
-0.4746529459953308
-0.6934177279472351
-0.8667735457420349
-0.02859017625451088
-0.10165075957775116
-0.6138437390327454
-0.2256590873003006
-0.24730047583580017
-1.1339519023895264
-0.4317573308944702
-0.06617619842290878
-0.4819355607032776
-1.0479696989059448
-0.025699889287352562
-0.8075938820838928
-0.4904845058917999
-0.7992961406707764
-0.9324237108230591
-0.9366579651832581
-1.215909481048584
-0.17929381132125854
-0.5880643129348755
-0.2318831831216812
-0.8430607318878174
-0.6114546656608582
-2.2058236598968506
-1.9961390495300293
-1.0909420251846313
-0.011000420898199081
-0.1040792465209961
-1.3044214248657227
-0.30612194538116455
0.4487527310848236
0.014223720878362656
-0.9682652950286865
-1.5533326864242554
-0.6246336102485657
-0.6307168006896973
-0.8589467406272888
-0.9876890778541565
-0.7288853526115417
-0.6711680889129639
-0.8168723583221436
-0.7073425054550171
-0.5114425420761108
-0.373967707157135
-0.12595278024673462
-0.9361565709114075
-0.3740379214286804
-0.7709864377975464
-0.12878425419330597
-0.725597083568573
-0.4951200485229492
-0.35636579990386963
-0.6387116312980652
-0.4757494032382965
-1.189626932144165
-0.5129314661026001
-0.5694790482521057
-0.3668808341026306
-0.7666334509849548
-1.7842072248458862
-0.9306102395057678
-0.8266924023628235
-0.3853798508644104
-0.6823729276657104
-0.5043939352035522
-0.5158325433731079
-0.0382017083466053
0.19523179531097412
-0.15319335460662842
-0.9746449589729309
-1.114256501197815
-1.0010451078414917
-0.6398037075996399
-1.5696700811386108
-0.8154357671737671
-0.33722636103630066
-0.8403269052505493
-0.7917502522468567
-0.8733481764793396
-1.8515448570251465
-0.2519814372062683
-0.47696661949157715
-0.05471369996666908
-0.9255567789077759
-0.12338964641094208
-0.42165079712867737
-0.8762686252593994
-0.7404932379722595
-0.6428471207618713
0.7003281712532043
-0.2841828465461731
-0.6433120965957642
-0.6452147960662842
-0.7635189890861511
-1.152540922164917
-0.6088085174560547
0.7212811708450317
-0.5060766935348511
0.13825668394565582
-0.6339314579963684
-0.6456528306007385
-0.8317934274673462
-0.9766356348991394
-0.8904465436935425
-0.3640398383140564
-1.0996381044387817
-0.6472547054290771
0.1764867752790451
-0.235422283411026
-0.41566845774650574
-0.26113930344581604
-0.8228413462638855
-0.49800920486450195
-0.773666501045227
-0.9297805428504944
-0.6055877804756165
-0.5645448565483093
-1.0715017318725586
-0.04515693709254265
-0.7620814442634583
-0.4874856472015381
-0.8813519477844238
-0.48386454582214355
-0.7792494893074036
-1.4301140308380127
-0.30356818437576294
-0.6735562086105347
-1.6086918115615845
-0.421357661485672
-0.8486624360084534
-0.9771232008934021
-0.147972971200943
-0.6543029546737671
-0.3844873905181885
-0.8519490361213684
-0.18268898129463196
-0.5362138152122498
-0.8198919892311096
-0.5613089203834534
-0.7673426866531372
-0.045696478337049484
-0.9415848255157471
0.21252703666687012
-0.8405722975730896
-0.25127550959587097
-0.4080483913421631
-0.5064852833747864
-0.5016944408416748
-0.2506934702396393
-1.754390001296997
-0.6884292364120483
-0.8972530961036682
0.0560479499399662
-0.4058224558830261
-0.35216155648231506
-0.6890258193016052
-0.9736475348472595
-0.2820875346660614
-0.40618306398391724
-0.5466712713241577
-0.35000407695770264
-0.24008134007453918
-0.36525100469589233
0.17817404866218567
-1.2885792255401611
-1.4183192253112793
-0.6306508183479309
-0.5893824100494385
-1.0318713188171387
-0.6014564037322998
-0.5320346355438232
-1.174964189529419
0.2888398766517639
-0.9909644722938538
0.4732195734977722
-1.0672688484191895
-0.8926225900650024
0.14652083814144135
-0.8402955532073975
-1.0587260723114014
-0.9231703281402588
-0.523533821105957
-1.5287156105041504
-0.7724156975746155
-0.5194997191429138
-1.04041588306427
-1.2150088548660278
-0.9120140671730042
-0.9874507188796997
-0.5270734429359436
-0.8137534856796265
-0.7378636002540588
-0.6543634533882141
-0.47406142950057983
-0.7993761301040649
-1.5329105854034424
-0.15323154628276825
-0.2823081314563751
-0.7684535980224609
-0.669293224811554
-0.4059704542160034
-0.7696166038513184
-0.49868983030319214
-0.6433284878730774
-1.6691995859146118
-1.2320311069488525
-0.82439786195755
-0.7613512277603149
-1.1327840089797974
-0.06241638585925102
-1.255136251449585
-0.8927778601646423
-0.6331246495246887
-0.7786145806312561
-0.8388800621032715
-0.30497002601623535
-0.6897628307342529
0.6119441986083984
-1.2883803844451904
-0.669358491897583
-0.9524717926979065
-1.6717214584350586
-0.3550568222999573
-0.397247314453125
-0.448093056678772
-1.768833041191101
-1.070618987083435
-0.468723326921463
-0.8155960440635681
-1.010738492012024
-0.633312463760376
-0.563286542892456
-1.0269813537597656
-0.5257998704910278
-0.5417588949203491
-1.0709869861602783
-1.1415988206863403
-0.4999012351036072
-1.1477885246276855
-0.9392492771148682
-1.2080793380737305
-1.748044490814209
-0.251288503408432
-0.7570226788520813
-0.44667771458625793
-0.7247108817100525
-1.0796831846237183
-0.11869020760059357
-0.49735307693481445
-0.6699953675270081
-0.5732444524765015
-1.4579095840454102
-0.5314388871192932
-0.8367416858673096
-0.43393489718437195
-0.8664697408676147
0.02444768324494362
-0.16841720044612885
-0.7000300288200378
-0.7267821431159973
-0.7686938643455505
-1.094444990158081
-1.2732137441635132
-0.6474363207817078
-0.5171473622322083
-0.7587912082672119
-1.018006443977356
-1.3645663261413574
-0.7014896869659424
-1.0311741828918457
-1.037893533706665
-0.07959362864494324
-0.9497573375701904
-0.4901885688304901
-0.5587811470031738
-0.6310356259346008
-0.8530864715576172
-0.5184053182601929
-1.133829116821289
-0.7536719441413879
-1.6379706859588623
-0.7886818647384644
-0.20984892547130585
-1.091365098953247
-0.19920964539051056
-1.1228938102722168
-1.3919413089752197
-0.45219841599464417
-0.6769996285438538
-0.4302583634853363
-0.9794866442680359
-0.49114757776260376
-0.7639220952987671
-0.8326593041419983
-0.12672549486160278
-1.160567283630371
-0.5234245657920837
-1.6338621377944946
-0.6925378441810608
0.07559821009635925
0.0455218069255352
-0.7908605933189392
-1.8444969654083252
-0.8505697250366211
-0.624538004398346
-0.3732440769672394
-0.2623918056488037
0.48993581533432007
-0.6460866928100586
-0.9317218661308289
-0.7531479001045227
-0.4501184821128845
-1.2806055545806885
-0.08702835440635681
-0.13798590004444122
-0.9052309393882751
-0.5836260914802551
-0.6882779002189636
-0.8165505528450012
-0.3002226948738098
-0.5988547205924988
-0.9186805486679077
-1.1542489528656006
-0.8742458820343018
-0.5854882001876831
-0.47420647740364075
-0.5631768703460693
-1.2460520267486572
-1.1838985681533813
-0.9238050580024719
-0.4829811155796051
-0.7326298952102661
-0.3050198554992676
-1.0638344287872314
-0.7810797095298767
-0.8364823460578918
-0.6722056269645691
-1.342291235923767
-1.1049469709396362
-0.6741017699241638
-0.4968554973602295
-0.878692090511322
-0.4610256552696228
-0.7351915836334229
-0.3507384657859802
-0.5245271921157837
-0.7562783360481262
-0.8300014138221741
-0.7271726131439209
-0.26008397340774536
-0.6837300062179565
0.28455817699432373
-0.6110569834709167
-0.04461106285452843
-0.8324926495552063
-0.32663705945014954
-0.35588961839675903
-0.05280664190649986
-0.9159865379333496
-0.9360346794128418
-0.7145549654960632
-0.7774738073348999
-0.6071773767471313
-0.8975407481193542
-0.25576919317245483
-1.352250099182129
-0.6823943257331848
-1.277809739112854
-0.8015222549438477
-0.6701270341873169
-0.518223226070404
-1.3965771198272705
-0.8585230708122253
-0.33868539333343506
-1.2187426090240479
-0.4759303033351898
-0.7512860894203186
-0.7140587568283081
-0.47419485449790955
-1.2154589891433716
-1.110641598701477
-1.1467440128326416
-0.46657589077949524
-1.0057727098464966
-0.24818703532218933
-0.6100986003875732
0.3879023790359497
-0.7626840472221375
-0.7843562960624695
-0.8254005908966064
-0.8625641465187073
-1.0061949491500854
-0.6316661834716797
-0.9785589575767517
-0.7196963429450989
-1.146519422531128
-0.6361837983131409
-1.307090163230896
-1.2531664371490479
-1.301912546157837
-0.6745782494544983
0.12730032205581665
-0.14256776869297028
-1.0905349254608154
-0.16879169642925262
-0.476847767829895
-0.6161722540855408
-0.9133569002151489
-1.0372273921966553
-0.582515299320221
-0.8380672335624695
-0.2754095792770386
-0.1760692447423935
-0.2988579571247101
-0.4544107913970947
-0.6466510891914368
-0.7169808745384216
-2.198411226272583
-0.5019839406013489
-0.5714092254638672
0.3299140930175781
-0.3865780234336853
-1.588441252708435
-2.397660493850708
-0.8702937960624695
-0.6494060754776001
0.44409188628196716
-0.6838418841362
-0.6940357089042664
-0.47308480739593506
-0.3389613628387451
-0.3807685673236847
-0.2542990446090698
-0.8020972013473511
-0.19943620264530182
-1.6401230096817017
-0.6159690022468567
-0.3786413073539734
-0.5943414568901062
-1.5671366453170776
-0.7853738069534302
-0.9515535235404968
-0.7521288990974426
-0.04586023837327957
-0.5701674818992615
-1.1058814525604248
-0.9067515134811401
-0.07308857142925262
-1.1757545471191406
-1.1127725839614868
-0.7153205275535583
-0.5374758839607239
-0.7036676406860352
-0.39844876527786255
-0.6218741536140442
-0.5822557210922241
-0.66230708360672
-0.6477844715118408
-0.6391210556030273
-0.8836733102798462
-0.5698050260543823
-0.4803597033023834
-0.012204773724079132
-0.7046401500701904
-0.42389291524887085
-0.30650007724761963
-1.3859596252441406
-1.409722089767456
-0.21556136012077332
-1.0640865564346313
-0.19780586659908295
-0.5499916076660156
-0.7876788377761841
-0.7996984124183655
-0.23575077950954437
-0.6989388465881348
-0.5617916584014893
-0.80423504114151
-0.8635168671607971
-0.6908020377159119
-0.6067542433738708
-0.19613446295261383
-0.20503002405166626
-0.45232558250427246
-0.9076200127601624
-0.5505499243736267
-0.7233913540840149
0.03432696685194969
-0.14071297645568848
-0.964550256729126
-0.6051722764968872
-1.0280996561050415
-0.505017876625061
-0.4763908386230469
-0.7752819657325745
-1.456719994544983
-0.6245889663696289
-0.9139052033424377
-0.5562231540679932
-1.1472086906433105
-0.8707376718521118
-1.1266855001449585
0.08441555500030518
-0.3730583190917969
-0.5793996453285217
-1.5143119096755981
-0.7230350971221924
-0.4715142846107483
-0.6149463653564453
-0.35910850763320923
-1.021064043045044
-0.5125688910484314
-0.010224036872386932
-1.4085679054260254
-2.0558998584747314
-0.97461998462677
-0.5467720031738281
-0.20138204097747803
-0.5863828063011169
0.02802622690796852
-0.46197906136512756
-0.4190651774406433
-0.8497107028961182
-0.8758735060691833
-1.210179328918457
-1.0359961986541748
-0.18379229307174683
-0.12870916724205017
-0.6807970404624939
-1.577293038368225
-0.17176400125026703
0.19127929210662842
-0.863277018070221
-0.9766382575035095
-1.089023470878601
-0.589305579662323
-0.3797142505645752
-0.7303020358085632
-0.700764000415802
-1.6151193380355835
-0.3622511029243469
-1.7111742496490479
-1.8301846981048584
-1.2145484685897827
-0.4671252369880676
-0.698104739189148
0.21462315320968628
-0.5940861105918884
-0.34298959374427795
-1.1910865306854248
-0.9611435532569885
-0.8125373721122742
-1.2118322849273682
0.6657295823097229
-1.0449203252792358
-0.620861828327179
0.12761208415031433
-0.958828866481781
-0.4582487940788269
-0.5454869866371155
-0.3520975112915039
-0.018332798033952713
-0.27246636152267456
-1.0850108861923218
-0.3792186379432678
-0.7860004305839539
-0.9825651049613953
0.14507432281970978
-0.8515242338180542
-0.6742287874221802
-0.5475022196769714
0.05789896473288536
-1.116320252418518
-2.013383626937866
-1.3160043954849243
-0.3971865177154541
-0.9157187342643738
0.165323406457901
-0.41744282841682434
-0.6199897527694702
-0.04047997295856476
-0.7751505970954895
-0.13827958703041077
-1.499248743057251
-0.7966660857200623
-0.40889596939086914
-0.5879152417182922
-0.4434658885002136
-0.4454421401023865
-0.5379174947738647
-0.22062721848487854
-0.5139379501342773
-1.9822657108306885
0.1073078066110611
0.03926623985171318
-1.2096972465515137
-0.9096997976303101
-1.0230586528778076
-0.6590955257415771
-0.4954410791397095
-0.9116987586021423
-1.4298111200332642
-0.33564597368240356
-0.3554650843143463
-0.5283898115158081
-0.7766649723052979
-0.023867666721343994
-1.9189996719360352
-0.271012544631958
0.16611510515213013
-0.5970004200935364
-0.5703579783439636
-0.8738504648208618
-0.3362194895744324
-1.5957486629486084
-1.1151325702667236
-0.49636995792388916
-0.5501930117607117
-0.3277316689491272
-0.35671383142471313
-0.3756150007247925
-0.9478843808174133
-1.2152161598205566
-1.7648149728775024
-0.8604254722595215
-0.4892863631248474
-0.6340487599372864
-1.297088384628296
-0.3870348334312439
-0.8566296100616455
-0.39670729637145996
-1.1420186758041382
-0.4610334038734436
-0.360096275806427
-0.12259852886199951
-1.1602715253829956
-0.32132095098495483
-0.5469882488250732
-1.455639123916626
-0.07118448615074158
-0.3367454409599304
-0.6742813587188721
-0.7554449439048767
-0.6851845979690552
-0.2816016972064972
-0.7836022973060608
-0.5691260695457458
-0.5340993404388428
-0.4280507564544678
-0.8148494958877563
-1.0148289203643799
-0.7153851389884949
-0.6881676316261292
-0.5037965774536133
-0.6155663728713989
-0.8279523849487305
-0.46442797780036926
-0.6267022490501404
-0.7942230701446533
-0.8288682699203491
-0.3032800257205963
-1.0843477249145508
-0.2077517807483673
-0.8302590847015381
0.23653358221054077
-0.7815403938293457
-0.33149051666259766
0.5111553072929382
-1.2032008171081543
-0.9052894711494446
-1.0228419303894043
-0.8009468913078308
-1.479351282119751
-0.5847083926200867
-0.4457159638404846
-0.27933844923973083
-1.5726929903030396
-0.026131372898817062
-1.2357885837554932
-1.094567060470581
-0.47224411368370056
-0.6163060665130615
-0.503158688545227
-0.19995354115962982
-1.5391387939453125
-0.6047879457473755
-0.12293609976768494
-0.8019840121269226
-0.7479048371315002
-0.963256299495697
-0.49783211946487427
-0.1080847829580307
0.19908548891544342
-0.7967430949211121
-0.6816564202308655
-1.35048246383667
0.16407650709152222
-0.1168360561132431
-1.7109084129333496
-0.6516306400299072
-0.4769171178340912
-1.0071479082107544
-1.5362026691436768
-0.4597775936126709
-0.8196576237678528
-0.6381585001945496
-1.6533803939819336
0.23231706023216248
-0.19063489139080048
-0.4487542510032654
-0.6815232634544373
0.647983729839325
-0.7811403870582581
-0.5817604064941406
-0.3382522463798523
-0.9349950551986694
-0.3357749283313751
-0.163567453622818
-0.6213425397872925
-0.4946848750114441
-0.5264745354652405
-1.660406231880188
-0.5586694478988647
-0.3211556673049927
-1.339192509651184
-0.6954177618026733
-0.6922756433486938
-0.7075376510620117
-0.5978875756263733
-2.001995086669922
-0.2723996639251709
-0.09891296923160553
-0.3839423358440399
-0.6979978680610657
-0.5135382413864136
-0.4213660657405853
-0.3710786998271942
-0.44770100712776184
-0.195506289601326
-1.713310718536377
-0.6009908318519592
-0.33581215143203735
-0.5160617232322693
-0.30626022815704346
-0.5007249116897583
-0.8594205379486084
-0.6461312174797058
-1.2219200134277344
-1.1661845445632935
-0.14211595058441162
-0.898813009262085
-0.9253027439117432
-1.4818105697631836
-1.3453412055969238
-0.6755103468894958
-0.9889014363288879
-1.0798362493515015
-0.8020433187484741
-0.9306634068489075
-1.0117053985595703
-1.582268238067627
-0.6240087151527405
-0.5342772006988525
-0.4664100408554077
-0.7819682359695435
-0.33512765169143677
-0.8191407918930054
-1.004791498184204
-0.5066072344779968
