-0.49859729409217834
-0.8880554437637329
-1.713693380355835
-0.8202428221702576
-0.5446059703826904
-0.8828200697898865
-0.739212691783905
-1.1018754243850708
-1.9690678119659424
-1.040123701095581
-0.9356191754341125
-0.9527769684791565
-1.8332542181015015
-0.8161757588386536
-0.8556635975837708
-2.186180591583252
-1.3196611404418945
-2.085559368133545
-1.6192193031311035
-1.0249907970428467
-1.4161884784698486
-0.9700542092323303
-1.3223947286605835
-1.661270022392273
-1.3891924619674683
-0.8613352179527283
-1.104881763458252
-1.0964837074279785
-1.4012442827224731
-1.2250727415084839
-0.7638367414474487
-1.3136638402938843
-0.8150675892829895
-0.7976964116096497
-1.7030105590820312
-0.9335156083106995
-0.8895535469055176
-0.8065885901451111
-1.154618740081787
-0.6646685600280762
-0.8368286490440369
-2.2373976707458496
-1.304371953010559
-0.9778088927268982
-1.099552035331726
-1.6388944387435913
-0.9382627010345459
-0.7464186549186707
-0.8648573756217957
-0.7441622018814087
-0.5439702272415161
-1.3517037630081177
-1.9046555757522583
-1.0856364965438843
-1.2583686113357544
-0.7806320190429688
-1.8167245388031006
-1.0551562309265137
-0.977514386177063
-1.0745214223861694
-1.05435049533844
-1.1054171323776245
-0.904364287853241
-0.9530515670776367
-0.9551503658294678
-0.6038393974304199
-1.8766568899154663
-0.8861008882522583
-1.3608176708221436
-0.6293092370033264
-0.7537886500358582
-0.7708938717842102
-1.3574081659317017
-0.9405826926231384
-0.8719077706336975
-0.5605756044387817
-1.3055751323699951
-1.735835313796997
-1.7636507749557495
-0.7175447344779968
-0.8889099359512329
-1.7691962718963623
-0.9521582126617432
-1.0223528146743774
-0.9224932193756104
-0.8361809849739075
-0.9146595001220703
-1.2600923776626587
-0.8281432390213013
-0.7203312516212463
-2.434023857116699
-0.8518320322036743
-0.949226438999176
-2.17083477973938
-1.035656452178955
-0.9167594909667969
-0.8839890956878662
-2.645505428314209
-0.8314651846885681
-0.8611636757850647
-1.2015060186386108
-0.9394537806510925
-1.6356377601623535
-2.341141939163208
-1.321699857711792
-0.5267478823661804
-0.8073864579200745
-0.9322260022163391
-0.8056052327156067
-0.6663715839385986
-0.8220078945159912
-1.198922038078308
-0.7761932015419006
-1.0564684867858887
-1.867497205734253
-1.1557453870773315
-0.8957602381706238
-1.1261509656906128
-2.1126441955566406
-0.9910550713539124
-0.8423395752906799
-1.7179816961288452
-1.071478009223938
-1.3588908910751343
-0.7784513831138611
-0.8630699515342712
-0.994556725025177
-0.6932110786437988
-1.083537220954895
-1.0115796327590942
-0.7674993872642517
-1.5020736455917358
-0.7779056429862976
-1.292128324508667
-0.8941505551338196
-1.4345804452896118
-0.889115035533905
-1.956266164779663
-1.0217095613479614
-1.0160704851150513
-1.0642633438110352
-0.8139140009880066
-0.7620110511779785
-0.690127968788147
-1.8172094821929932
-0.6620578765869141
-0.8870612978935242
-0.9391510486602783
-1.2036710977554321
-0.8213807344436646
-1.0277057886123657
-1.1045711040496826
-0.8073320984840393
-2.0754854679107666
-0.7954957485198975
-0.9593254327774048
-1.5693451166152954
-2.463628053665161
-1.042772889137268
-0.8749094009399414
-2.3224313259124756
-0.6952337622642517
-0.7072174549102783
-1.3577508926391602
-1.0610454082489014
-1.0144140720367432
-1.263351321220398
-1.6643208265304565
-0.7945078015327454
-0.8318887948989868
-1.2363189458847046
-0.7631886005401611
-0.8776237964630127
-0.7887172102928162
-1.155462622642517
-1.00631582736969
-0.86198490858078
-0.7690153121948242
-1.9809584617614746
-1.1433978080749512
-0.9271232485771179
-0.9512511491775513
-1.0096399784088135
-1.8349542617797852
-1.0809111595153809
-1.7312297821044922
-0.8112696409225464
-0.8299198746681213
-0.9863603115081787
-1.1928585767745972
-0.9139564633369446
-1.3884925842285156
-1.0217095613479614
-1.9221413135528564
-0.7686078548431396
-0.9409152269363403
-1.0351340770721436
-0.8884624242782593
-0.7184967398643494
-0.6872579455375671
-0.833238959312439
-1.6339013576507568
-0.8861052393913269
-0.5642301440238953
-1.0317491292953491
-2.419933557510376
-1.3012526035308838
-0.918561577796936
-0.7471573948860168
-1.4547414779663086
-1.596195101737976
-1.259052038192749
-0.8835840225219727
-1.404226541519165
-1.4333707094192505
-0.9631607532501221
-0.8595300316810608
-1.228749394416809
-0.8082082867622375
-0.7376919984817505
-1.460026502609253
-0.7211431264877319
-1.271731972694397
-0.9273682236671448
-1.4173219203948975
-1.306133508682251
-1.0470284223556519
-1.7464739084243774
-1.5863966941833496
-1.5453459024429321
-1.1438237428665161
-0.9133281707763672
-0.8626659512519836
-0.9629493355751038
-0.8316177725791931
-2.0626351833343506
-1.0145187377929688
-0.7238621711730957
-0.69154292345047
-2.0197887420654297
-1.1803154945373535
-0.9305363893508911
-0.9528513550758362
-1.8680355548858643
-0.8627506494522095
-1.3889083862304688
-0.9051399230957031
-1.9853334426879883
-0.7241674065589905
-0.9557096362113953
-0.7667428255081177
-0.5918474793434143
-0.8998892307281494
-0.8750366568565369
-1.9791227579116821
-0.7868226170539856
-2.407357692718506
-1.346766710281372
-1.1446634531021118
-0.8321648836135864
-1.9828020334243774
-0.9215291142463684
-0.6776072382926941
-0.8105800151824951
-0.779242992401123
-1.3564238548278809
-0.7806581258773804
-1.0724915266036987
-0.8131691217422485
-0.892425537109375
-0.9100343585014343
-1.977591633796692
-0.7798943519592285
-1.239391803741455
-0.8462476134300232
-1.1373264789581299
-0.9126868844032288
-1.768093228340149
-1.1272633075714111
-0.7714031338691711
-1.3152202367782593
-1.9271763563156128
-0.9793182015419006
-1.1736258268356323
-1.8553850650787354
-0.9798389673233032
-0.8462449908256531
-1.004762053489685
-1.703978419303894
-1.58982253074646
-0.7999898195266724
-0.6629411578178406
-1.9966917037963867
-1.9178481101989746
-1.0378339290618896
-0.9830383062362671
-1.777909278869629
-1.2347519397735596
-0.9987367391586304
-0.7797495722770691
-1.232285499572754
-2.085988998413086
-0.827162504196167
-1.7145917415618896
-1.5334601402282715
-1.0827343463897705
-0.6812772750854492
-1.9069522619247437
-0.7085926532745361
-1.1120308637619019
-1.0919488668441772
-0.9141296744346619
-1.976248025894165
-1.2316980361938477
-1.4637975692749023
-0.8348383903503418
-0.9151754975318909
-1.078156590461731
-1.2894560098648071
-2.2767629623413086
-0.9496994614601135
-0.5706709623336792
-0.8047460317611694
-0.9389350414276123
-0.9901890158653259
-1.0953035354614258
-1.670786738395691
-0.839435338973999
-2.4634125232696533
-0.8795098662376404
-1.8944518566131592
-1.146653175354004
-1.8100745677947998
-1.1627572774887085
-1.3389408588409424
-0.8170573115348816
-0.9543177485466003
-0.8918837308883667
-2.073765754699707
-1.6481993198394775
-2.121183156967163
-0.5863494873046875
-1.1622884273529053
-0.7233237624168396
-1.1975345611572266
-0.8934322595596313
-1.4586628675460815
-1.0749889612197876
-1.030348539352417
-1.2965829372406006
-1.409124732017517
-0.6851591467857361
-1.09328293800354
-1.923612356185913
-1.0802037715911865
-2.4360077381134033
-2.2764456272125244
-0.8126363754272461
-1.3850024938583374
-0.8003677129745483
-0.7217372059822083
-0.5601964592933655
-0.8665826320648193
-1.3389456272125244
-1.2989293336868286
-0.9634390473365784
-0.8360273241996765
-0.6998352408409119
-0.692679226398468
-2.222092390060425
-1.5357764959335327
-0.9577486515045166
-1.1931328773498535
-1.094275712966919
-0.900800347328186
-1.2833830118179321
-1.1222329139709473
-0.6606223583221436
-1.0703545808792114
-0.8533451557159424
-1.5510139465332031
-1.2637579441070557
-2.438744068145752
-1.2970538139343262
-0.9489278197288513
-0.7604596018791199
-0.6336789727210999
-0.9446579217910767
-0.900762677192688
-1.8179292678833008
-0.8137631416320801
-0.8596981763839722
-0.7178036570549011
-0.7920984625816345
-2.3499956130981445
-0.7409935593605042
-0.7100487947463989
-0.955752432346344
-0.935652494430542
-1.0781596899032593
-1.66059148311615
-0.7074535489082336
-1.1222457885742188
-1.6970505714416504
-0.9247926473617554
-1.0244404077529907
-2.592988967895508
-0.9577752947807312
-0.7190360426902771
-0.8701464533805847
-1.0650947093963623
-2.28326153755188
-1.164863109588623
-2.444798469543457
-2.2553930282592773
-1.5082656145095825
-0.9866086840629578
-1.8179577589035034
-1.0166575908660889
-1.2101457118988037
-0.8504602313041687
-0.815937340259552
-1.1464546918869019
-0.976728618144989
-1.1357307434082031
-0.9913454651832581
-0.8748828768730164
-1.631771206855774
-1.1550912857055664
-1.265068531036377
-0.9573362469673157
-0.7849414944648743
-2.2802727222442627
-1.0893923044204712
-0.9322901368141174
-1.116162896156311
-0.7573022246360779
-1.14065420627594
-0.9782525897026062
-0.8285040259361267
-0.9109936356544495
-1.1497275829315186
-2.3155672550201416
-0.6678858399391174
-1.7013899087905884
-1.0664167404174805
-0.6355665922164917
-0.7936637997627258
-0.8457974791526794
-2.231105327606201
-1.367687463760376
-1.0172241926193237
-0.960435688495636
-0.808795690536499
-0.7599192261695862
-0.8677775263786316
-0.6324024200439453
-0.8265248537063599
-1.0380418300628662
-0.6444293260574341
-1.840110182762146
-1.9859869480133057
-0.8604297041893005
-1.9796007871627808
-0.8087108135223389
-1.466415524482727
-1.1864848136901855
-1.628413200378418
-1.0781402587890625
-2.3744897842407227
-0.716881513595581
-0.7968045473098755
-0.6687830090522766
-1.6657952070236206
-1.2038793563842773
-0.9837637543678284
-0.8171598315238953
-0.7680872082710266
-1.5247341394424438
-1.4489836692810059
-1.2506155967712402
-0.9102681279182434
-1.4349462985992432
-0.8239602446556091
-0.824471652507782
-0.8785085082054138
-1.0526034832000732
-1.2108843326568604
-1.6055775880813599
-0.8994410037994385
-1.092301607131958
-0.9505288004875183
-0.9626214504241943
-0.7680612206459045
-1.0768051147460938
-0.9152770042419434
-1.093208909034729
-0.7699987292289734
-1.7960624694824219
-0.9718248248100281
-1.2070074081420898
-0.8733983635902405
-1.162561058998108
-0.8911665678024292
-0.9658183455467224
-0.8540432453155518
-0.8601431846618652
-0.8284326195716858
-0.8740225434303284
-0.7470640540122986
-1.0422810316085815
-1.596618890762329
-1.1604065895080566
-1.302751064300537
-2.4249300956726074
-1.5426307916641235
-0.7665678262710571
-1.3870084285736084
-0.9825529456138611
-1.6787230968475342
-1.0258171558380127
-1.1813479661941528
-0.9836933016777039
-1.440377116203308
-1.0320723056793213
-0.9369261264801025
-0.9418723583221436
-0.9312292337417603
-0.9523617029190063
-1.8523380756378174
-0.8470608592033386
-1.2797117233276367
-2.0458130836486816
-0.948047935962677
-1.0453095436096191
-0.8401619791984558
-0.5987802147865295
-1.565165638923645
-0.9841606616973877
-1.7002573013305664
-0.8509394526481628
-0.4917789399623871
-0.5725887417793274
-0.6887747645378113
-2.0558226108551025
-0.9475017189979553
-1.2523525953292847
-1.0696969032287598
-0.8747225999832153
-1.0510965585708618
-0.7682493925094604
-0.9511117935180664
-1.2598683834075928
-0.7434126734733582
-1.9095827341079712
-1.656320571899414
-0.8006092309951782
-0.9663878083229065
-1.1388287544250488
-0.864619255065918
-1.0206422805786133
-1.1198961734771729
-0.8508285880088806
-1.3276821374893188
-0.7610912322998047
-2.0759503841400146
-1.1282951831817627
-0.7196711897850037
-0.9786394834518433
-1.4473142623901367
-0.9006576538085938
-0.7052751183509827
-1.2650889158248901
-1.3676629066467285
-0.731118381023407
-1.1156165599822998
-1.9543709754943848
-0.8562116622924805
-1.3936209678649902
-0.841853678226471
-0.948144257068634
-0.9435787796974182
-1.0842900276184082
-0.7886837124824524
-1.4632219076156616
-1.9718661308288574
-0.7884471416473389
-1.1418492794036865
-0.6895254254341125
-0.6986435055732727
-1.9283604621887207
-0.9467547535896301
-0.6365142464637756
-0.9859063029289246
-1.6210339069366455
-1.0447496175765991
-1.226951003074646
-0.8174664974212646
-1.0054031610488892
-1.0827417373657227
-1.0908647775650024
-0.9450231790542603
-0.9182559847831726
-0.8149123787879944
-0.7786663174629211
-1.0146726369857788
-1.466334581375122
-1.118918538093567
-2.039987802505493
-0.9330786466598511
-0.9397696256637573
-1.9377061128616333
-1.060924768447876
-0.8715827465057373
-0.9691840410232544
-0.9845458269119263
-2.0336830615997314
-1.2150659561157227
-0.8481443524360657
-2.074615478515625
-0.9248582720756531
-0.8428477644920349
-1.5253592729568481
-2.173090934753418
-0.5748473405838013
-0.9739424586296082
-1.4376657009124756
-1.2009741067886353
-1.1760739088058472
-0.7050439715385437
-1.064263939857483
-2.2751710414886475
-2.0710649490356445
-1.3148541450500488
-1.0400588512420654
-0.8174082636833191
-1.0137882232666016
-0.7701451182365417
-1.23219895362854
-1.0841054916381836
-0.6456831693649292
-1.6242940425872803
-0.7390109300613403
-0.9726892113685608
-0.7371190786361694
-0.9092205166816711
-0.8314105868339539
-0.9016492962837219
-0.8366171717643738
-1.9824305772781372
-0.8419008851051331
-1.7761489152908325
-1.0770400762557983
-0.8991288542747498
-1.1122865676879883
-1.7000305652618408
-0.6607455611228943
-0.6226325631141663
-0.7603164315223694
-1.013864278793335
-1.129826545715332
-1.4412344694137573
-1.7584781646728516
-1.074236273765564
-0.9285175204277039
-1.1223524808883667
-1.0512980222702026
-0.7316448092460632
-2.21058988571167
-1.051191806793213
-1.7867244482040405
-0.9715672731399536
-0.7282302975654602
-1.0460933446884155
-1.13204824924469
-1.1929696798324585
-1.8415812253952026
-0.8455011248588562
-0.927736222743988
-0.7787755727767944
-1.5095607042312622
-0.9906753301620483
-0.9466512203216553
-1.0439897775650024
-0.979560136795044
-1.2808361053466797
-0.7393977642059326
-1.9033031463623047
-1.2028820514678955
-0.7207908034324646
-1.092647671699524
-0.921160876750946
-2.3786258697509766
-1.0025526285171509
-1.3020378351211548
-1.1411131620407104
-0.7646768689155579
-1.0745501518249512
-1.7363991737365723
-0.9453463554382324
-2.135673999786377
-1.3202556371688843
-1.3149070739746094
-0.8669540286064148
-0.7393752932548523
-1.446473479270935
-0.9910410642623901
-1.3900996446609497
-0.9291021823883057
-0.8181248903274536
-0.6504321098327637
-1.2503398656845093
-1.4655132293701172
-1.0576778650283813
-1.1184310913085938
-1.1283890008926392
-0.8632743954658508
-1.8450056314468384
-0.9992915391921997
-1.1791269779205322
-0.8746983408927917
-0.8460267782211304
-0.6992665529251099
-0.9227892756462097
-0.6507831811904907
-1.4587209224700928
-1.9939467906951904
-2.0775768756866455
-1.0283540487289429
-0.8869300484657288
-1.1798866987228394
-0.7430544495582581
-1.0846776962280273
-0.8008023500442505
-0.7914384603500366
-0.7185143828392029
-1.2936221361160278
-1.2485538721084595
-0.9536231756210327
-0.8296804428100586
-2.406724452972412
-1.8456758260726929
-2.1294074058532715
-0.863275408744812
-1.2496289014816284
-0.7934114336967468
-1.5896124839782715
-1.0363563299179077
-1.0706303119659424
-1.527441382408142
-1.047186017036438
-1.0103397369384766
-0.6083676218986511
-0.7930781841278076
-1.0981720685958862
-1.6680619716644287
-1.1571496725082397
-0.9972586631774902
-0.8649362921714783
-0.9323087930679321
-0.6978922486305237
-1.9432331323623657
-0.9498816728591919
-0.9286301136016846
-1.6350843906402588
-0.7273727059364319
-1.918695092201233
-0.7786721587181091
-1.514212727546692
-0.9684257507324219
-1.8609912395477295
-0.903446614742279
-1.0124237537384033
-1.0001360177993774
-0.724185585975647
-1.2428570985794067
-0.8650296926498413
-1.0150337219238281
-1.8829617500305176
-1.256938099861145
-1.2000181674957275
-1.08375084400177
-1.1425368785858154
-0.5576534867286682
-0.8518197536468506
-1.8453857898712158
-1.2340704202651978
-1.8753633499145508
-1.7430750131607056
-1.8330618143081665
-0.7555475831031799
-0.8045726418495178
-1.4849631786346436
-0.8022653460502625
-0.6933742165565491
-1.002078890800476
-0.7671005725860596
-0.6000249981880188
-0.8312801718711853
-1.060908317565918
-1.5325980186462402
-0.8654264211654663
-0.9908650517463684
-1.054020881652832
-0.5828178524971008
-1.0605220794677734
-0.8224040269851685
-2.6932930946350098
-0.7432724237442017
-1.475625991821289
-0.9822668433189392
-0.666481614112854
-2.299532890319824
-0.9591606259346008
-0.8251351714134216
-0.9769054651260376
-1.824832797050476
-1.3219714164733887
-0.6498862504959106
-0.9071959853172302
-0.8880458474159241
-0.9565728902816772
-1.3275957107543945
-0.9741506576538086
-0.9760706424713135
-1.62461519241333
-1.0332319736480713
-1.6392552852630615
-1.656777262687683
-1.759566307067871
-1.2025821208953857
-0.7872523069381714
-0.822655975818634
-1.0115000009536743
-1.1524572372436523
-1.600295066833496
-1.0030606985092163
-0.9953604340553284
-1.0380890369415283
-1.2078721523284912
-1.0131182670593262
-0.7744748592376709
-1.3285633325576782
-0.8688029646873474
-1.5642569065093994
-2.054316282272339
-2.1051065921783447
-1.3588937520980835
-0.9739131331443787
-1.0131443738937378
-1.0163995027542114
-0.7834538817405701
-0.9794974327087402
-1.1961182355880737
-0.8977565765380859
-1.1087085008621216
-2.4968760013580322
-1.01360285282135
-1.4227726459503174
-0.8728421926498413
-1.1107066869735718
-0.9297128319740295
-0.854583740234375
-0.8045266270637512
-1.1294358968734741
-0.9180503487586975
-0.8177382349967957
-1.2149114608764648
-1.6247440576553345
-1.0217115879058838
-0.6171100735664368
-0.8828299641609192
-0.5293962955474854
-0.6640678644180298
-1.003393530845642
-0.7678975462913513
-1.004567265510559
-1.3192734718322754
-0.9021550416946411
-1.9242255687713623
-0.8398866057395935
-2.3383147716522217
-1.1627413034439087
-0.8980722427368164
-0.791896641254425
-1.401047945022583
-1.177273154258728
-1.1762627363204956
-1.1092543601989746
-0.890909731388092
-1.127515435218811
-0.9771145582199097
-0.7425562143325806
-2.0212748050689697
-0.9982652068138123
-2.086467742919922
-1.381598949432373
-0.9287741780281067
-1.0093189477920532
-0.8449792861938477
-0.7978863716125488
-0.7917214035987854
-1.0666987895965576
-1.8598248958587646
-1.6000604629516602
-2.0992062091827393
-0.6731339693069458
-0.8556816577911377
-0.9774467349052429
-0.6490275859832764
-0.8865112662315369
-0.9874264597892761
-0.5878155827522278
-1.3150864839553833
-1.6798443794250488
-1.429975152015686
-0.827668309211731
-1.3238499164581299
-1.0124493837356567
-2.0879859924316406
-1.0525504350662231
-0.7689971327781677
-1.086643934249878
-1.0551475286483765
-1.033250093460083
-0.9739319682121277
-0.8888770341873169
-0.9400795102119446
-0.737090528011322
-2.140909433364868
-1.8316746950149536
-2.3979275226593018
-2.1870782375335693
-2.339897394180298
-1.0254563093185425
-0.6566219925880432
-1.3628641366958618
-0.9417346119880676
-0.6776078939437866
-1.498070478439331
-0.4592864513397217
-0.6454530358314514
-0.8006154894828796
-1.679768681526184
-0.7851141691207886
-1.0213003158569336
-1.5012816190719604
-0.7602242231369019
-0.7738820910453796
-1.0244684219360352
-1.4560425281524658
-0.6905714869499207
-0.756885290145874
-1.688296914100647
-0.8661360740661621
-1.6277412176132202
-2.3233604431152344
-0.9598870277404785
-1.0304899215698242
-1.708706021308899
-0.7776355743408203
-0.6810807585716248
-2.1939592361450195
-2.2552876472473145
-1.6966969966888428
-0.7418673038482666
-1.2335834503173828
-0.8905813097953796
-0.9831165671348572
-1.2087860107421875
-0.8863041400909424
-1.9683403968811035
-0.6997132301330566
-2.0706329345703125
-0.9251826405525208
-2.2017745971679688
-0.9070733785629272
-0.7552523016929626
-1.6852585077285767
-0.8250082731246948
-1.1095547676086426
-1.099371314048767
-2.252291202545166
-1.1773710250854492
-2.4439826011657715
-0.849094569683075
-1.792234182357788
-1.78236722946167
-0.9608327746391296
-1.1672519445419312
-1.124708652496338
-2.009547710418701
-1.8167667388916016
-1.3159253597259521
-1.023664116859436
-1.2018121480941772
-0.8879023790359497
-2.2326533794403076
-0.8503015637397766
-0.9021397233009338
-0.6731330156326294
-2.2868008613586426
-0.806328535079956
-0.8809511065483093
-2.1345765590667725
-1.8420937061309814
-0.7861971855163574
-0.8153937458992004
-1.3628685474395752
-0.7654337286949158
-0.7553525567054749
-1.1092661619186401
-0.8323296904563904
-1.199906826019287
-0.978983461856842
-0.9310404658317566
-0.9624159932136536
-2.00121808052063
-0.9093464016914368
-0.8960344195365906
-0.9247169494628906
-1.7092838287353516
-0.6304054856300354
-0.9793726205825806
-0.7715172171592712
-1.9881592988967896
-0.6757251620292664
-0.9519577622413635
-1.9818177223205566
-0.9081082940101624
-0.912939190864563
-1.0692118406295776
-1.147550344467163
-0.8570074439048767
-0.677643358707428
-1.3153504133224487
-0.9499599933624268
-0.8158990144729614
-0.871288537979126
-1.712450385093689
-1.6478527784347534
-1.1457301378250122
-0.7919868230819702
-0.6509149670600891
-0.9211364984512329
-2.0174546241760254
-0.66340172290802
-0.9450569748878479
-1.2556517124176025
-0.9921799302101135
-0.8680453896522522
-1.5678561925888062
-1.078911304473877
-0.9106618762016296
-1.3038222789764404
-2.0670692920684814
-1.9511598348617554
-1.1244150400161743
-1.606149435043335
-1.3307368755340576
-0.9560943841934204
-1.0720653533935547
-2.1889798641204834
-0.9247706532478333
-0.990822970867157
-0.5614137649536133
-1.4639722108840942
-0.775178849697113
-2.016186475753784
-1.2439981698989868
-1.614174246788025
-1.1041630506515503
-0.9512045979499817
-1.0916227102279663
-0.9109100103378296
-0.806073009967804
-0.9418388605117798
-1.1995185613632202
-0.7608243823051453
-0.8983283042907715
-2.00603985786438
-1.0058813095092773
-0.6522800922393799
-0.7271522879600525
-0.7784692645072937
-2.0504932403564453
-0.9816906452178955
-0.9158545136451721
-2.105693817138672
-1.4187016487121582
-2.2296783924102783
-0.7886776328086853
-2.103647470474243
-0.8827013969421387
-1.1601941585540771
-0.7814902067184448
-2.3510541915893555
-1.1840760707855225
-0.9770985841751099
-1.2876845598220825
-0.6418172121047974
-0.9486228227615356
-0.8297134637832642
-1.1529600620269775
-0.7031788229942322
-2.2509429454803467
-1.0213639736175537
-0.5655381083488464
-2.117034673690796
-0.7965554594993591
-1.7719333171844482
-1.820510745048523
-1.4530627727508545
-0.9022330641746521
-1.9312212467193604
-0.894167959690094
-1.5177043676376343
-0.9937422871589661
-0.617148220539093
-2.3820040225982666
-0.6450707912445068
-1.5616439580917358
-0.6018264293670654
-0.9903255701065063
-0.7442490458488464
-1.3236843347549438
-0.575806736946106
-1.5927897691726685
-1.6855976581573486
-2.4380686283111572
-0.7635261416435242
-0.9549716114997864
-1.604554533958435
-0.7762672901153564
-1.1011253595352173
-0.8076002597808838
-1.0342320203781128
-1.7381994724273682
-2.0053610801696777
-1.1902300119400024
-2.1766180992126465
-1.9365004301071167
-1.6210625171661377
-2.0623579025268555
-1.122894525527954
-1.7630019187927246
-0.9123913645744324
-0.7879120707511902
-1.1320405006408691
-0.9361849427223206
-2.264652967453003
-0.7539466619491577
-0.7054108381271362
-0.7309421300888062
-0.6550532579421997
-1.0668952465057373
-0.734151303768158
-0.615364670753479
-1.0034958124160767
