-1.0625790357589722
-1.147429347038269
-0.8702170252799988
-1.134627103805542
-1.384408712387085
-1.1088893413543701
-1.100461483001709
-0.7159692049026489
-2.179873466491699
-0.8951637744903564
-1.1448895931243896
-0.9006956815719604
-0.9986911416053772
-0.9022952914237976
-1.2111423015594482
-1.14836585521698
-1.2293174266815186
-0.8433283567428589
-1.9899131059646606
-1.1549170017242432
-1.787604570388794
-0.7581644654273987
-1.7540384531021118
-1.363922357559204
-0.6067810654640198
-1.1022709608078003
-1.0679824352264404
-1.121093511581421
-0.9304378628730774
-1.253212809562683
-1.220828652381897
-1.7008554935455322
-1.012576699256897
-1.0332471132278442
-2.2307329177856445
-0.8345393538475037
-1.2713990211486816
-1.039839506149292
-0.9189589023590088
-1.0770626068115234
-1.1269664764404297
-1.642073154449463
-0.992215096950531
-0.9348223805427551
-1.5036895275115967
-1.1471633911132812
-0.8516092300415039
-1.0773084163665771
-0.9432810544967651
-0.8423861861228943
-1.110397458076477
-0.6692325472831726
-0.7839370369911194
-1.1228530406951904
-1.0839323997497559
-1.1778639554977417
-1.1768221855163574
-0.9507408738136292
-0.9562515616416931
-1.0641820430755615
-1.0629298686981201
-0.6301345229148865
-1.6848630905151367
-1.0332419872283936
-1.1331387758255005
-1.2159996032714844
-1.3174740076065063
-0.942275881767273
-1.1681606769561768
-1.0247009992599487
-0.8868946433067322
-0.9945986270904541
-0.8224960565567017
-0.8542013764381409
-1.0833481550216675
-0.7189139723777771
-1.1876667737960815
-0.9185801148414612
-0.9968820214271545
-1.1302461624145508
-1.0256270170211792
-1.3637440204620361
-1.5087571144104004
-1.3744874000549316
-0.9345773458480835
-1.144806146621704
-0.9468415379524231
-0.7226117849349976
-0.9221944808959961
-1.1006970405578613
-2.1303186416625977
-0.8790148496627808
-1.1017130613327026
-0.6768161654472351
-0.9811883568763733
-0.8043482899665833
-1.5059672594070435
-2.203862428665161
-0.5913985371589661
-1.1139888763427734
-1.8392826318740845
-1.1182481050491333
-1.621769666671753
-1.5387506484985352
-1.0217597484588623
-1.022678017616272
-0.9935498833656311
-1.1675856113433838
-1.484307050704956
-1.2823151350021362
-1.0820938348770142
-1.2323592901229858
-1.0456589460372925
-1.518092155456543
-1.6623034477233887
-1.0879111289978027
-0.9535760283470154
-1.4520996809005737
-2.00996470451355
-0.6524348855018616
-1.1818654537200928
-0.9044049382209778
-0.9167343974113464
-1.1498816013336182
-0.8712670207023621
-1.3848299980163574
-0.815910816192627
-1.3591697216033936
-1.0211663246154785
-1.2600713968276978
-1.008918285369873
-1.5368422269821167
-1.1540361642837524
-0.9932748079299927
-1.1487741470336914
-1.0081104040145874
-1.1140317916870117
-1.5634342432022095
-1.430585265159607
-1.0442266464233398
-0.6685985326766968
-1.121066689491272
-1.1705230474472046
-1.0151482820510864
-1.9679137468338013
-0.875560462474823
-1.3623743057250977
-0.9610447883605957
-1.1084296703338623
-1.1850433349609375
-1.1628873348236084
-1.0239187479019165
-1.150952935218811
-1.3521052598953247
-1.0399912595748901
-0.8982864022254944
-1.2272851467132568
-2.029813528060913
-1.1276271343231201
-1.1724284887313843
-1.967422604560852
-1.1039963960647583
-0.8539854884147644
-1.3299505710601807
-1.169893741607666
-1.388451099395752
-0.9749881625175476
-1.8142359256744385
-0.686811625957489
-0.7773348689079285
-0.9723476767539978
-1.1499074697494507
-1.1402653455734253
-1.0872187614440918
-0.6334777474403381
-1.354033350944519
-1.2443618774414062
-0.8559988141059875
-1.102309226989746
-1.0541796684265137
-0.8853422999382019
-1.1767263412475586
-0.8330299258232117
-2.217360019683838
-0.9120246171951294
-1.9703552722930908
-1.339200496673584
-0.8895009160041809
-1.0983877182006836
-0.8193193078041077
-1.0765773057937622
-1.1010154485702515
-1.430585265159607
-0.7599830627441406
-0.6718703508377075
-0.9931166768074036
-1.0095727443695068
-0.9126747250556946
-1.2485480308532715
-1.8238747119903564
-1.5298082828521729
-1.319568395614624
-1.3819661140441895
-0.7021995782852173
-1.0060384273529053
-1.3728175163269043
-1.1401065587997437
-1.1710338592529297
-0.9009390473365784
-1.829226016998291
-1.7589242458343506
-1.1869149208068848
-1.19048273563385
-1.5985053777694702
-1.5989489555358887
-1.0405076742172241
-0.9708782434463501
-1.6645070314407349
-0.7690545916557312
-1.0775434970855713
-2.140810251235962
-1.6036633253097534
-1.2241771221160889
-0.9403361082077026
-0.9984185099601746
-1.907881736755371
-1.157497763633728
-1.011355996131897
-1.2842695713043213
-1.1373440027236938
-1.0637781620025635
-1.0785325765609741
-0.8515931963920593
-0.7529611587524414
-1.2503464221954346
-2.132147789001465
-1.1750520467758179
-0.692432701587677
-0.9675045013427734
-2.194122314453125
-1.3236697912216187
-1.1504572629928589
-0.9491004347801208
-0.7192428708076477
-1.1535226106643677
-1.0013859272003174
-1.0575932264328003
-0.9256916046142578
-1.1576058864593506
-0.812045693397522
-1.063493013381958
-0.6738253831863403
-0.5806901454925537
-0.9730228185653687
-2.04296612739563
-1.0483250617980957
-1.1117976903915405
-1.0122604370117188
-1.034371018409729
-1.3160371780395508
-1.9485020637512207
-1.0729930400848389
-1.1822954416275024
-1.0289387702941895
-1.1433583498001099
-1.0236324071884155
-0.9954044222831726
-0.9754277467727661
-0.9891569018363953
-0.7807968258857727
-1.0745939016342163
-2.021958351135254
-1.0948563814163208
-1.225707769393921
-1.035892128944397
-1.4624003171920776
-0.902201235294342
-1.619431734085083
-1.4334204196929932
-0.8641790747642517
-1.0928888320922852
-1.5759328603744507
-1.1399959325790405
-1.624651551246643
-1.8436030149459839
-0.9198840260505676
-1.1318743228912354
-1.5242310762405396
-1.7151648998260498
-1.977238416671753
-0.966204047203064
-0.7992962002754211
-1.7725704908370972
-0.7543889880180359
-1.3946313858032227
-1.1743654012680054
-2.0736217498779297
-1.153238296508789
-1.0984476804733276
-1.3012653589248657
-1.388960599899292
-1.9553227424621582
-0.9237920641899109
-1.1076256036758423
-2.00760555267334
-1.119921088218689
-1.0333222150802612
-1.5458961725234985
-1.0458874702453613
-1.0476711988449097
-0.5927978754043579
-0.9884858131408691
-0.9783117771148682
-0.9210262298583984
-2.0397520065307617
-1.0550392866134644
-0.7581026554107666
-1.1026546955108643
-0.9655445218086243
-1.8517447710037231
-1.0213757753372192
-1.9042911529541016
-0.8359065055847168
-0.998383641242981
-0.6308740973472595
-1.3006104230880737
-1.8330274820327759
-1.1040277481079102
-0.8937171101570129
-0.7982863783836365
-0.9580535292625427
-1.0218040943145752
-0.9804112315177917
-1.1416057348251343
-1.2425618171691895
-1.2110028266906738
-0.9351343512535095
-1.1512821912765503
-1.9090232849121094
-1.6488137245178223
-0.8780009150505066
-1.2142908573150635
-1.3070085048675537
-0.9656991362571716
-1.6789599657058716
-1.039297342300415
-1.9016597270965576
-1.0580573081970215
-1.0727827548980713
-1.3613440990447998
-1.2725262641906738
-0.7294545769691467
-1.0223804712295532
-0.8562849164009094
-1.11042058467865
-1.3029381036758423
-1.9762969017028809
-1.068796992301941
-0.7808185815811157
-1.1335819959640503
-1.1086230278015137
-0.9306179881095886
-1.0862019062042236
-0.7239757180213928
-0.9895116686820984
-1.1341545581817627
-1.0701745748519897
-1.3170104026794434
-1.1410527229309082
-1.6661771535873413
-0.8965171575546265
-0.8642628192901611
-0.8902454972267151
-1.1984134912490845
-1.2464582920074463
-0.7034799456596375
-1.976843237876892
-0.889838457107544
-1.0786805152893066
-1.0458978414535522
-1.6975384950637817
-0.9633420705795288
-2.189077615737915
-1.0447181463241577
-1.0758259296417236
-0.8185663223266602
-0.745459794998169
-1.0019606351852417
-0.6338865756988525
-0.9673216938972473
-0.9638887047767639
-1.0409353971481323
-1.0659188032150269
-0.9662542343139648
-2.03180193901062
-1.8596398830413818
-0.7989212870597839
-1.0225110054016113
-0.7109902501106262
-1.531478762626648
-1.2532799243927002
-1.0213221311569214
-1.167107343673706
-0.9241829514503479
-1.0627731084823608
-1.0324592590332031
-2.149402379989624
-0.9700993299484253
-0.7322277426719666
-0.9879546165466309
-1.1368639469146729
-1.9645034074783325
-1.0369590520858765
-2.0766706466674805
-2.095841884613037
-1.607036828994751
-1.0054876804351807
-1.6718600988388062
-1.310086965560913
-1.2448501586914062
-0.850084662437439
-0.8522158265113831
-1.0569943189620972
-1.1439968347549438
-1.093448281288147
-0.8709396123886108
-0.8934221863746643
-0.8139961361885071
-1.2299188375473022
-1.2048109769821167
-1.1036299467086792
-0.8182613253593445
-2.105274200439453
-0.8459242582321167
-1.0394787788391113
-1.055537223815918
-1.4309102296829224
-1.1293727159500122
-1.2536170482635498
-1.4439547061920166
-1.2588533163070679
-1.161832571029663
-2.0869083404541016
-1.199798822402954
-1.1507879495620728
-0.9598528146743774
-0.8651912212371826
-0.9755944609642029
-0.7067139744758606
-1.2650107145309448
-1.1410069465637207
-1.1390399932861328
-1.1423923969268799
-1.1432013511657715
-1.1095386743545532
-0.8623215556144714
-1.3717650175094604
-0.8879400491714478
-1.1245906352996826
-0.8448475003242493
-0.9721384644508362
-1.8321360349655151
-1.2411270141601562
-0.747605562210083
-1.1403604745864868
-0.9459340572357178
-1.7823705673217773
-1.0610861778259277
-1.1110270023345947
-0.8565554618835449
-0.7571509480476379
-0.8866260647773743
-0.923559308052063
-1.7869668006896973
-1.236869215965271
-1.058246374130249
-1.4685328006744385
-1.2859492301940918
-2.0181922912597656
-1.0435283184051514
-1.079715371131897
-0.91851407289505
-1.5441951751708984
-0.7008265852928162
-1.2401727437973022
-1.1815922260284424
-1.1055285930633545
-1.0380624532699585
-1.401431918144226
-1.0303418636322021
-1.2310609817504883
-0.9363393783569336
-1.0115538835525513
-1.1504762172698975
-0.9130775928497314
-1.1684576272964478
-0.706537663936615
-0.9773785471916199
-1.692173957824707
-0.982679009437561
-0.9833782911300659
-1.0420972108840942
-1.2541732788085938
-1.174269437789917
-1.7418071031570435
-1.065726399421692
-0.8396846652030945
-0.9481509923934937
-1.0589394569396973
-1.0023175477981567
-1.3970484733581543
-0.8747942447662354
-1.022352933883667
-1.131564736366272
-2.06122088432312
-1.0631206035614014
-0.9830125570297241
-1.970966100692749
-0.9871891736984253
-1.3869941234588623
-1.1489179134368896
-0.7310053706169128
-1.0240837335586548
-0.9781492352485657
-1.0543782711029053
-1.1651736497879028
-0.8652543425559998
-1.1356850862503052
-1.1097956895828247
-0.9173956513404846
-1.2590546607971191
-1.1157004833221436
-1.6750757694244385
-1.086051344871521
-1.422911286354065
-0.9284170866012573
-1.4013125896453857
-1.299323558807373
-1.1884909868240356
-1.973413109779358
-1.177545428276062
-1.149024248123169
-0.7363032102584839
-0.909448504447937
-1.8096903562545776
-1.0366816520690918
-1.2133790254592896
-0.748425304889679
-1.2192022800445557
-0.8172124624252319
-0.9788453578948975
-0.9935774207115173
-1.0810776948928833
-0.9403172135353088
-1.1059832572937012
-0.9883522391319275
-0.5792694091796875
-0.6630638241767883
-1.1665260791778564
-1.2232015132904053
-0.9991148114204407
-1.7431166172027588
-0.9325453042984009
-0.943841814994812
-1.2120097875595093
-1.403266191482544
-0.8426601886749268
-0.6904183030128479
-1.7503827810287476
-0.8151105046272278
-1.3220893144607544
-0.6092514991760254
-0.8739560842514038
-0.9677924513816833
-1.1618939638137817
-1.336488962173462
-1.2358053922653198
-1.0718719959259033
-1.0399922132492065
-1.0192660093307495
-1.1669071912765503
-1.1733503341674805
-1.0556713342666626
-0.980562686920166
-1.0688989162445068
-2.298266887664795
-0.8132647275924683
-0.9145284295082092
-0.8373669385910034
-1.3213129043579102
-1.8628475666046143
-0.9889387488365173
-1.6272894144058228
-1.1706207990646362
-0.9807208776473999
-1.0056815147399902
-1.1904338598251343
-1.0660500526428223
-0.8666939735412598
-1.2057905197143555
-1.3749165534973145
-0.8665386438369751
-1.0945507287979126
-1.860662579536438
-1.0591551065444946
-0.9014226794242859
-0.9973369836807251
-1.2589564323425293
-0.8043256402015686
-1.1099352836608887
-0.7837328910827637
-2.0291335582733154
-1.1604583263397217
-0.7556761503219604
-0.9950845837593079
-1.634518027305603
-1.0091692209243774
-1.1848505735397339
-0.8858924508094788
-1.518093228340149
-0.9433008432388306
-1.0488871335983276
-1.7141284942626953
-2.0181541442871094
-0.8786919713020325
-1.0053305625915527
-1.0289088487625122
-0.9699503183364868
-0.8447021842002869
-0.8474960327148438
-1.1574294567108154
-1.9227837324142456
-1.5865620374679565
-1.2088125944137573
-1.3162221908569336
-1.119907021522522
-1.0709922313690186
-1.0736005306243896
-1.0495014190673828
-1.3267096281051636
-0.9422063231468201
-1.8045716285705566
-1.1043778657913208
-1.2191299200057983
-0.8262847065925598
-0.9342206120491028
-1.7647349834442139
-0.9334924221038818
-0.7210882306098938
-1.9933756589889526
-0.9700563549995422
-1.377611756324768
-0.9198934435844421
-0.8126847147941589
-1.2812658548355103
-1.042344331741333
-1.0282939672470093
-0.7138698101043701
-0.7904194593429565
-1.292405605316162
-1.5192490816116333
-0.8315802216529846
-1.3426852226257324
-0.899333655834198
-1.0470061302185059
-0.8580349087715149
-0.8999550342559814
-0.8733264803886414
-2.5577988624572754
-1.0273144245147705
-1.2880722284317017
-0.8343077301979065
-0.7246093153953552
-1.127556324005127
-1.0899189710617065
-1.6359071731567383
-0.9582727551460266
-1.0586116313934326
-1.0299887657165527
-1.091850996017456
-1.8898934125900269
-0.9846598505973816
-0.9861242175102234
-1.25973641872406
-1.248109221458435
-1.3700430393218994
-0.986779510974884
-1.079781174659729
-1.1411046981811523
-0.8890710473060608
-1.345211148262024
-1.0010772943496704
-1.8857280015945435
-0.9654462933540344
-1.2401716709136963
-0.9381657242774963
-0.9238131642341614
-1.21701180934906
-1.6295827627182007
-1.0046042203903198
-0.6627216935157776
-1.4363794326782227
-1.1933610439300537
-1.1195930242538452
-1.264177918434143
-1.220768928527832
-0.9263954162597656
-1.486480712890625
-0.696503758430481
-1.0325409173965454
-0.6009923219680786
-0.8216716647148132
-0.6893953680992126
-1.162536859512329
-1.1905056238174438
-0.9745979905128479
-0.8645232319831848
-1.411381721496582
-0.7753528952598572
-0.8760344982147217
-1.0560736656188965
-1.3314564228057861
-1.1960129737854004
-1.0570411682128906
-1.4101440906524658
-1.6608166694641113
-2.0669472217559814
-0.8522471785545349
-1.0464545488357544
-1.6954513788223267
-1.4182658195495605
-1.1095433235168457
-1.1142995357513428
-1.0518101453781128
-1.1591047048568726
-1.068953037261963
-1.0758856534957886
-1.0535935163497925
-1.0969942808151245
-1.1563303470611572
-1.177794098854065
-1.504535436630249
-0.5434960722923279
-1.077448844909668
-1.1220978498458862
-0.8446502089500427
-1.6392372846603394
-1.0661299228668213
-0.993645429611206
-1.67640221118927
-1.292625069618225
-1.0281404256820679
-1.0585044622421265
-0.9457416534423828
-0.8457154631614685
-1.9770228862762451
-1.2042548656463623
-1.072638750076294
-1.2717565298080444
-1.060890793800354
-1.3520139455795288
-1.52740478515625
-0.987592875957489
-1.0715903043746948
-1.6213237047195435
-0.8045178055763245
-1.7690054178237915
-1.2087374925613403
-0.8575385212898254
-1.8829519748687744
-0.7220333218574524
-1.1209635734558105
-0.6910160183906555
-1.0788228511810303
-1.1996883153915405
-1.2213108539581299
-0.8119314312934875
-1.0849086046218872
-2.033372640609741
-0.7444143891334534
-1.3382846117019653
-0.9630762934684753
-2.0002493858337402
-1.8764073848724365
-1.0479446649551392
-0.7554265856742859
-1.1138933897018433
-0.9175388216972351
-1.5372766256332397
-0.7011753916740417
-1.0686366558074951
-0.7312360405921936
-0.8852347731590271
-0.9303236603736877
-0.9949360489845276
-1.1853669881820679
-1.1386820077896118
-1.6281427145004272
-1.256104826927185
-1.1143912076950073
-0.9010511040687561
-1.021582841873169
-0.9789332151412964
-1.0642977952957153
-0.6707941889762878
-0.9576525688171387
-1.0988482236862183
-2.0094573497772217
-1.1354234218597412
-1.2046698331832886
-0.9271870851516724
-0.8613463640213013
-2.0010342597961426
-2.2496633529663086
-1.066786289215088
-0.9805112481117249
-1.3987709283828735
-1.032896637916565
-1.1816407442092896
-1.1118733882904053
-1.1870415210723877
-0.8499637842178345
-0.9104008078575134
-1.0876564979553223
-0.9317775964736938
-1.0157018899917603
-1.0256887674331665
-0.785020649433136
-1.2608747482299805
-0.9678577780723572
-1.0329872369766235
-1.5036101341247559
-1.0382531881332397
-1.094619631767273
-1.05130934715271
-1.7592450380325317
-1.2397218942642212
-0.8049696087837219
-1.0560590028762817
-1.1858652830123901
-0.8779333829879761
-1.0997899770736694
-0.9495896100997925
-1.1030590534210205
-0.8922313451766968
-1.8402973413467407
-0.9083729982376099
-0.7986282110214233
-0.8971072435379028
-1.083898901939392
-1.0955637693405151
-0.9607751369476318
-0.6970075964927673
-0.9347884058952332
-0.8478444814682007
-0.9469881057739258
-2.258676528930664
-2.0804522037506104
-0.915815532207489
-0.9888945817947388
-0.7246798872947693
-1.087652325630188
-1.0914855003356934
-1.1129204034805298
-1.0107226371765137
-1.0441731214523315
-0.7003987431526184
-1.2620363235473633
-0.7274754643440247
-1.0726559162139893
-1.1774240732192993
-1.0561375617980957
-0.7788175940513611
-1.1451162099838257
-2.0010855197906494
-0.8721556067466736
-0.7111696600914001
-1.7019327878952026
-1.3054503202438354
-0.9160456657409668
-0.6785809397697449
-1.7378640174865723
-0.9762511253356934
-1.1812703609466553
-0.7478575110435486
-1.4938628673553467
-1.172814130783081
-0.9296537637710571
-0.9832642674446106
-0.7094343304634094
-0.9039698243141174
-1.0163041353225708
-0.6151672601699829
-1.2197964191436768
-0.965954601764679
-2.246561288833618
-1.1002914905548096
-0.9047035574913025
-1.2502140998840332
-1.176274061203003
-0.8309530019760132
-1.009576678276062
-1.099328637123108
-1.3459761142730713
-2.034006357192993
-1.706875205039978
-1.0721632242202759
-1.0759857892990112
-0.9714816808700562
-1.068597435951233
-1.2721155881881714
-0.701641857624054
-0.9392081499099731
-1.6007870435714722
-1.1645368337631226
-1.253886342048645
-0.8407172560691833
-1.4261648654937744
-1.0090668201446533
-0.7132343053817749
-0.8312516212463379
-1.0622122287750244
-0.7622358202934265
-1.242171287536621
-1.1729276180267334
-1.0896832942962646
-0.7262950539588928
-1.1573556661605835
-1.9018617868423462
-2.2095377445220947
-1.8620864152908325
-1.236473798751831
-2.330359697341919
-1.9668920040130615
-1.2849845886230469
-1.0443034172058105
-0.7244738340377808
-0.9312315583229065
-0.9083610773086548
-1.5936235189437866
-0.9319278597831726
-0.9222016930580139
-0.897009551525116
-1.5850862264633179
-0.967748761177063
-1.3592292070388794
-1.642391562461853
-0.692628026008606
-0.7643412351608276
-0.9926063418388367
-0.9441949129104614
-1.1204874515533447
-1.2215391397476196
-1.3811460733413696
-0.9171192646026611
-1.3860443830490112
-1.8972350358963013
-0.8549703359603882
-0.7632301449775696
-0.7500544190406799
-1.142196774482727
-0.6986256837844849
-2.134213924407959
-2.454163074493408
-0.7063990235328674
-0.8761663436889648
-1.0351773500442505
-0.9526749849319458
-1.2313803434371948
-2.122053384780884
-1.121503233909607
-1.5584396123886108
-0.968822717666626
-1.4894444942474365
-0.8246944546699524
-0.9869771003723145
-1.3817553520202637
-1.1633881330490112
-0.8889226317405701
-1.0890371799468994
-1.0062601566314697
-1.1067848205566406
-2.198075294494629
-1.9265234470367432
-0.9127640128135681
-0.7283313870429993
-1.3100802898406982
-1.074884057044983
-0.7575979232788086
-1.4807865619659424
-0.6260421872138977
-1.9394621849060059
-2.0937438011169434
-1.0788488388061523
-0.9150001406669617
-0.9236323237419128
-1.0543676614761353
-1.6198374032974243
-1.1947988271713257
-0.9883463978767395
-0.9040614366531372
-2.2079172134399414
-0.7931892275810242
-1.0608975887298584
-2.458313465118408
-1.8681560754776
-0.9924184679985046
-1.0323337316513062
-0.8849594593048096
-0.692832350730896
-0.9830590486526489
-1.2035713195800781
-0.9417891502380371
-1.7164878845214844
-1.504001498222351
-0.8609087467193604
-1.37594473361969
-1.902512550354004
-1.1797900199890137
-1.4434868097305298
-1.0836927890777588
-1.7961666584014893
-0.7553080320358276
-1.0653525590896606
-1.0958318710327148
-2.287477493286133
-1.0045702457427979
-1.266171932220459
-1.9997172355651855
-0.708414614200592
-1.0077002048492432
-1.601790428161621
-1.5011849403381348
-0.9353101849555969
-1.366348385810852
-1.5011115074157715
-1.38423490524292
-0.8581509590148926
-1.3756277561187744
-1.184752106666565
-1.246457576751709
-0.9137129187583923
-0.7468754649162292
-1.1293977499008179
-0.760564923286438
-1.6409536600112915
-1.0533639192581177
-0.7972041964530945
-2.0787603855133057
-0.8088253140449524
-0.9328159689903259
-1.4918698072433472
-1.032309651374817
-1.1447621583938599
-0.8825604915618896
-1.7187530994415283
-0.976030170917511
-1.0367679595947266
-1.9068272113800049
-0.7634422779083252
-1.0920714139938354
-1.0208868980407715
-1.9380183219909668
-0.9563084244728088
-1.4834798574447632
-1.0380778312683105
-0.8364807963371277
-0.8331342339515686
-1.9039784669876099
-1.4292205572128296
-1.3494956493377686
-1.1485857963562012
-1.1935229301452637
-1.0890392065048218
-0.8972246050834656
-1.157915711402893
-1.4309849739074707
-1.0147570371627808
-1.0384408235549927
-0.9514018297195435
-0.678566038608551
-0.7698200345039368
-0.8367059230804443
-1.1279476881027222
-0.9035314321517944
-0.818384051322937
-1.2710789442062378
-0.8709472417831421
-2.046809196472168
-1.1836826801300049
-1.7175850868225098
-0.9529377222061157
-0.9319342970848083
-0.9729006886482239
-0.7334707975387573
-0.9501127600669861
-1.6904640197753906
-1.0693871974945068
-0.7426350712776184
-0.8235399723052979
-1.167426586151123
-1.2194318771362305
-0.8261032700538635
-1.116371989250183
-0.6960476040840149
-1.1076518297195435
-1.1461765766143799
-1.072540283203125
-2.201906681060791
-0.9119399189949036
-0.8625189661979675
-2.1441080570220947
-1.2681463956832886
-1.053095817565918
-1.5679038763046265
-1.1214673519134521
-1.84579336643219
-1.4884796142578125
-1.0131020545959473
-1.114841103553772
-0.5462555289268494
-1.2913326025009155
-1.5440778732299805
-0.823737621307373
-1.4745097160339355
-1.1947150230407715
-1.2558568716049194
-1.458759069442749
-1.7592813968658447
-1.3276188373565674
-0.886354386806488
-2.087164878845215
-1.3844338655471802
-0.8938393592834473
-0.7696701884269714
-0.6605895757675171
-0.9448460340499878
-0.977172315120697
-0.9379300475120544
-1.0797244310379028
-2.0570685863494873
-2.0156521797180176
-2.3922500610351562
-1.9263668060302734
-1.025163173675537
-1.9970687627792358
-1.5996533632278442
-1.1376004219055176
-1.2506626844406128
-1.018852949142456
-1.0287631750106812
-1.0251755714416504
-0.860598087310791
-1.218713641166687
-0.6453859210014343
-0.814738392829895
-1.1785832643508911
-0.9871208071708679
-1.1456094980239868
