0.6318875551223755
0.4139733612537384
-0.3611249625682831
0.10394765436649323
0.34968477487564087
-0.06869418919086456
0.23514977097511292
0.45378684997558594
-0.2276335060596466
-0.183645099401474
-0.39130502939224243
-0.2587652802467346
-0.01927666738629341
0.05542720481753349
0.459259569644928
0.7331376671791077
0.39110881090164185
0.10446500778198242
-0.6041490435600281
0.5043010711669922
-0.6465666890144348
-0.17656223475933075
0.6793138384819031
-0.1727302074432373
-0.4312855005264282
0.25331684947013855
0.4152876138687134
-0.30465462803840637
0.5944380760192871
0.06192522123456001
-0.3143724501132965
0.480759859085083
0.517894983291626
0.5411067008972168
-1.3862162828445435
0.13349835574626923
-0.08975063264369965
-0.29614758491516113
0.2679586112499237
0.4396982491016388
-0.6048051714897156
0.5193177461624146
-0.12959133088588715
0.3767452836036682
0.031170863658189774
-0.5932958126068115
-0.28277310729026794
0.539406955242157
-0.08708328008651733
0.00764002650976181
0.5277670621871948
0.26157650351524353
0.6342362761497498
0.6425603032112122
0.4381332993507385
0.3586325943470001
-0.3423771262168884
0.3414168357849121
0.34159812331199646
-0.24906839430332184
0.0675017386674881
-0.6640311479568481
-0.6953214406967163
0.27263471484184265
-0.0711342841386795
0.4119732081890106
0.6883183121681213
0.394070029258728
0.3863906264305115
-0.14064638316631317
-0.22541989386081696
-0.05893164873123169
0.38847577571868896
0.5759496688842773
-0.08844006061553955
-0.2179722785949707
-0.313772052526474
0.4205496609210968
0.6191697716712952
0.5045745372772217
-0.17411234974861145
0.8913021683692932
0.6156496405601501
-0.01919698342680931
-0.7666609287261963
0.0805392861366272
-0.049462269991636276
0.5516378283500671
0.209755539894104
0.2459442913532257
-0.7391611933708191
0.5983229279518127
0.5975457429885864
-0.579957127571106
0.3825869858264923
0.5547681450843811
0.5117337703704834
0.39423471689224243
-0.15911166369915009
0.38199010491371155
0.5807249546051025
0.10880948603153229
-1.1779775619506836
-1.1752359867095947
-0.4273925721645355
-0.020213153213262558
0.4908072352409363
-0.13734781742095947
0.5775217413902283
-0.30273762345314026
0.09419754147529602
0.5527858734130859
0.46770375967025757
0.17545799911022186
0.6052549481391907
0.6036985516548157
-0.2196826934814453
0.19519934058189392
-1.1406326293945312
0.19452303647994995
-0.18891926109790802
-0.2540215849876404
0.0439240001142025
-0.47189074754714966
0.5889965891838074
-0.46848589181900024
-0.14497077465057373
0.04901047423481941
0.3861561715602875
-0.30190855264663696
-0.7924368977546692
-0.22700093686580658
0.603997528553009
0.07278473675251007
0.12135480344295502
-0.27311909198760986
0.19138720631599426
0.1179882287979126
0.25160786509513855
-0.42665067315101624
0.5714930891990662
-0.367651104927063
-0.007898148149251938
0.11231163144111633
-0.22440491616725922
-0.03630441799759865
0.3499465584754944
0.10798916220664978
0.14245951175689697
0.5814144015312195
-0.022517342120409012
-0.35900264978408813
-0.12379834055900574
-1.5010631084442139
0.19657671451568604
-0.04254404455423355
0.07324644923210144
0.617085337638855
0.546454131603241
-0.0643809363245964
-0.4956376850605011
0.31450730562210083
0.20357775688171387
0.20993942022323608
-0.10176229476928711
-0.327237993478775
-0.7344719171524048
0.08647340536117554
0.35398319363594055
-0.5000642538070679
0.4345887005329132
-0.1983155608177185
0.3033798933029175
-0.03506540507078171
0.06268081068992615
0.26403340697288513
-0.484748899936676
-0.8581594228744507
0.052512120455503464
0.007332291454076767
-0.17022480070590973
0.22100913524627686
-0.11714652180671692
-0.08680437505245209
-1.1024253368377686
-1.4539847373962402
0.19499871134757996
0.6851535439491272
-0.12788578867912292
-0.5305404663085938
0.4276277422904968
-0.34277835488319397
-0.2045329213142395
-0.12084534764289856
0.597520649433136
0.03995291516184807
-0.09067630767822266
-0.15751492977142334
0.31576693058013916
0.10928657650947571
-0.578941285610199
0.49341732263565063
0.25952664017677307
0.47502321004867554
0.017685916274785995
-0.8006799817085266
-0.2598213255405426
0.7887166738510132
0.026006091386079788
-0.2858818471431732
-1.1266428232192993
0.6256392002105713
-0.505882203578949
-0.504534900188446
-0.14882779121398926
-0.10443457961082458
0.36642736196517944
-0.944934070110321
-0.21898053586483002
0.1076115071773529
-0.041197050362825394
0.46815818548202515
-0.45522087812423706
0.3755043148994446
0.1608029007911682
-0.09967373311519623
-0.6826804876327515
0.15013925731182098
-2.368194103240967
0.4539061188697815
0.52986079454422
0.30276957154273987
-0.059660978615283966
-0.32787230610847473
0.3832167983055115
-1.0163346529006958
-0.7906894087791443
0.20494899153709412
-0.15685197710990906
-2.1997580528259277
-0.3558780550956726
-0.3058219850063324
0.6336064338684082
-0.14244449138641357
0.0847105085849762
0.23937487602233887
0.2079116702079773
-0.5701789259910583
-0.20802141726016998
-0.14777779579162598
0.6920392513275146
-0.43277445435523987
0.37120509147644043
-0.13782617449760437
-1.652375340461731
-0.12851376831531525
0.5638721585273743
0.7533103823661804
-0.07741709798574448
-0.1624460518360138
-0.4520547091960907
-0.08081671595573425
0.26239386200904846
-0.2334490716457367
-0.4180561602115631
-0.06546817719936371
-0.09661242365837097
0.03371192887425423
-0.3322136402130127
0.27404269576072693
-0.10815978050231934
-1.1769400835037231
-0.18422728776931763
-0.2791416347026825
-0.16255100071430206
0.7411762475967407
-0.48831993341445923
-0.6015870571136475
0.3187178373336792
-0.13506770133972168
-0.2602041959762573
-0.5799959301948547
0.024678882211446762
-1.050322413444519
0.05947798863053322
0.004999950528144836
-0.014117557555437088
-0.8669097423553467
-0.10228484869003296
-0.24428904056549072
-0.048900097608566284
0.20413902401924133
-1.5117789506912231
0.7716015577316284
0.6596680879592896
0.47374194860458374
-0.47761180996894836
-0.4661686420440674
0.24887913465499878
-0.31857508420944214
0.19636818766593933
0.4523230195045471
0.4851875901222229
0.0762944221496582
-0.620349109172821
-0.037092629820108414
-0.00012170150876045227
0.4406661093235016
0.30411532521247864
0.17522932589054108
-0.14428521692752838
-0.06037752702832222
-0.23222026228904724
0.01298191025853157
-0.3420170545578003
0.6451713442802429
0.09709200263023376
0.33418986201286316
-1.1605721712112427
-0.3379228115081787
0.13899044692516327
-0.3230201005935669
-0.16432616114616394
-0.206101655960083
0.13228143751621246
0.49093466997146606
-0.07805752754211426
-0.04368600249290466
-1.5013471841812134
0.5716968178749084
-0.7678045630455017
-1.1329118013381958
0.7557308077812195
0.0926043689250946
0.0803174078464508
0.18467052280902863
0.5635464787483215
0.05207371339201927
-1.522105097770691
-0.21260130405426025
-0.9910063147544861
-0.3242638111114502
0.356338769197464
-0.20011849701404572
-0.8461191058158875
0.040247198194265366
0.5283108353614807
-0.09414377808570862
0.3263510763645172
-0.43379583954811096
0.22743567824363708
0.37842389941215515
0.02017267420887947
-0.408221572637558
0.7246406674385071
-0.05225502327084541
-0.3058302402496338
0.35049182176589966
-1.4713393449783325
0.17388297617435455
-0.11205378919839859
0.017064180225133896
-0.0641050934791565
0.2818862497806549
0.35532069206237793
0.4208851456642151
0.21297630667686462
-0.0048533715307712555
0.4726625084877014
-0.7119438648223877
-0.027953770011663437
-1.0751304626464844
0.27339157462120056
0.01371413841843605
-0.263906329870224
-0.020138295367360115
-0.939493715763092
0.3488723039627075
-0.05995028838515282
0.2718891501426697
0.48326265811920166
0.22043418884277344
0.47718894481658936
-0.6826122999191284
0.712507426738739
0.5472942590713501
-0.17607586085796356
0.5264686346054077
-0.5634069442749023
-1.4542099237442017
0.48011696338653564
-0.09749887138605118
0.47416573762893677
0.13933198153972626
-0.8626922965049744
0.5131126046180725
0.022322598844766617
-0.5746736526489258
0.42236328125
-0.006979670375585556
0.3124642074108124
0.13024331629276276
-0.3481985926628113
0.2919248044490814
-0.07280449569225311
0.0889265388250351
0.00960148498415947
0.17383718490600586
-0.2257804125547409
0.07046586275100708
-0.12861371040344238
-0.08215318620204926
-0.13144762814044952
-0.7212279438972473
-1.056185245513916
-0.0450967513024807
0.3014340400695801
-0.1428508758544922
-0.059242259711027145
0.015359532088041306
-0.2706277370452881
0.17916524410247803
0.4866562485694885
0.12114816904067993
0.684640109539032
0.4162391722202301
0.47629857063293457
-0.2179131805896759
0.0901450663805008
0.22099852561950684
-0.1840142160654068
0.22201529145240784
-0.7664993405342102
-0.2797134816646576
0.5475632548332214
-0.3479260206222534
0.6063417792320251
0.10153748095035553
0.3058340847492218
0.363023042678833
0.5468507409095764
0.2153145670890808
0.4933498501777649
0.45098596811294556
0.4505787491798401
-0.28814536333084106
-0.006133325397968292
0.6291114091873169
0.32249993085861206
-1.6206012964248657
-0.49396851658821106
0.19025787711143494
0.3961156904697418
-0.16018201410770416
-0.3565400242805481
0.16623061895370483
0.06984922289848328
-0.21083982288837433
-0.13101646304130554
0.5435001254081726
-0.08427092432975769
0.12645485997200012
-0.6523904800415039
0.6279938220977783
-0.46405014395713806
-0.07839447259902954
0.37437817454338074
0.4865027666091919
0.03825293853878975
-0.3439229428768158
-0.02084379270672798
-0.12776963412761688
-0.05328052118420601
-0.1254308670759201
0.649832010269165
0.3695739805698395
-0.8356936573982239
-0.14363986253738403
-0.4679012596607208
-0.03674912825226784
-0.06383371353149414
0.04066351428627968
0.1805664300918579
-0.2070603370666504
-0.10818782448768616
0.006601709872484207
0.29523277282714844
-0.3945162892341614
-0.22591596841812134
-0.17843711376190186
0.19500397145748138
0.32049131393432617
0.05659711733460426
0.05280517414212227
0.07971033453941345
-0.7897944450378418
0.12372034788131714
0.3056105673313141
0.0978272408246994
0.08843861520290375
0.19421234726905823
-0.17245182394981384
0.0548115111887455
0.5351479649543762
-1.5128787755966187
0.38341301679611206
0.5225723385810852
-0.04676517844200134
0.023507263511419296
0.020975563675165176
-0.6610528826713562
0.6395059823989868
-0.15361003577709198
0.019214358180761337
0.37990033626556396
0.31149113178253174
0.030165333300828934
0.16336652636528015
-0.10632303357124329
0.03147950395941734
-0.5688394904136658
-0.29072749614715576
-0.7235090136528015
0.30640238523483276
0.30673927068710327
0.24017179012298584
-0.019444158300757408
0.08122311532497406
0.29877400398254395
-0.672479510307312
0.5532898306846619
-0.37043657898902893
-1.169027328491211
-0.36920568346977234
0.6027897596359253
0.30309879779815674
0.578660249710083
0.37461960315704346
0.43859735131263733
-1.7845182418823242
0.1942232847213745
0.11407621204853058
0.45003294944763184
0.4516350030899048
-1.2853806018829346
0.5902144908905029
-0.46262630820274353
-0.19525989890098572
-0.019154999405145645
0.3055776059627533
0.018645066767930984
0.3491460084915161
0.23340269923210144
0.09251797199249268
0.5772774815559387
-0.3988579511642456
0.026715818792581558
-0.006302688270807266
-0.02705046907067299
0.5541570782661438
0.6091123819351196
-0.21312567591667175
0.13048788905143738
-0.5219585299491882
0.01967397704720497
-0.06621040403842926
0.0974247008562088
0.6137170195579529
0.045286525040864944
0.383624404668808
0.11350482702255249
0.3543699085712433
-0.5798617005348206
0.6297392249107361
0.12631991505622864
-0.9497787952423096
0.46127086877822876
-0.29208818078041077
-0.035780537873506546
0.6396196484565735
0.3301706910133362
-0.06084052100777626
0.13850536942481995
0.6931063532829285
0.05431671068072319
-0.517119288444519
0.5151706337928772
0.06519480049610138
0.02864544466137886
-0.9228599071502686
0.20670145750045776
-0.7355960607528687
-0.36484766006469727
-0.023699024692177773
0.33467674255371094
-0.03534376621246338
0.005785148590803146
0.07319052517414093
-0.15495330095291138
0.6713391542434692
-0.011926576495170593
0.44515588879585266
0.1483689546585083
0.22347375750541687
0.5525826215744019
0.027958329766988754
0.3492991626262665
-0.11437369883060455
0.002994004637002945
-0.37260714173316956
-0.4472980201244354
0.18262305855751038
-0.12461590766906738
0.6573618650436401
-0.05485449358820915
0.011177930980920792
-0.8847107291221619
-0.3707418143749237
-0.028397947549819946
-0.42261803150177
-0.10671789944171906
0.1013307124376297
-0.05958649143576622
0.26056963205337524
0.23600462079048157
-0.14505934715270996
0.03939540311694145
0.10741855204105377
-0.6959449052810669
0.04644905403256416
0.1216275691986084
-0.41470056772232056
-0.2485843300819397
-0.46023717522621155
0.12857329845428467
0.41549789905548096
0.03132151439785957
-0.348589152097702
0.5444240570068359
0.8116982579231262
0.09138436615467072
-0.1385541707277298
0.5162951946258545
-0.3165910542011261
-0.010509680956602097
0.3994482457637787
-0.8568881154060364
0.272167444229126
0.25042724609375
-0.7589181065559387
-0.42289891839027405
-0.028578948229551315
0.3363252282142639
-0.6467939615249634
0.12333163619041443
-0.4541899859905243
-0.3916614353656769
0.0668812096118927
-0.02142712101340294
-0.6879123449325562
0.5458753108978271
0.1336068958044052
-0.4180905818939209
-0.4333120584487915
0.42484450340270996
0.32365021109580994
0.07601627707481384
0.041974809020757675
-0.36385929584503174
0.1764836460351944
0.4208160936832428
0.5417904853820801
0.05782004073262215
0.2124219536781311
-0.43810075521469116
-0.48478007316589355
-0.16537299752235413
0.19982200860977173
-0.39807218313217163
0.43650445342063904
-0.555250883102417
0.6746841073036194
-0.33544132113456726
0.4463461637496948
-0.6875773072242737
-0.4102839529514313
-0.21200525760650635
-0.6493361592292786
-0.10408196598291397
-0.5816972255706787
0.17513777315616608
0.6519242525100708
-0.3748089075088501
0.14455489814281464
0.28651395440101624
-0.09771469235420227
0.3192644417285919
0.026596423238515854
-0.4612462818622589
-0.33098551630973816
-0.34966206550598145
-0.27952370047569275
-0.3154699206352234
0.8040987253189087
0.4166261851787567
0.3566604256629944
-0.4542189836502075
-1.2869837284088135
0.17617253959178925
-0.15732833743095398
0.033628929406404495
0.6029488444328308
-0.7270609736442566
0.6913387179374695
0.09441323578357697
-0.23795750737190247
-0.07645496726036072
-1.0472575426101685
0.6182224750518799
-0.21504434943199158
0.16986390948295593
-0.1170458197593689
0.14849735796451569
-0.06878474354743958
0.14794281125068665
0.3491659462451935
0.3444172441959381
-0.6647005081176758
0.278033047914505
0.5228474140167236
0.06888571381568909
0.09431292116641998
0.20283636450767517
0.37889543175697327
0.6505724191665649
0.06094299629330635
-0.8070580363273621
0.49426090717315674
0.36713138222694397
-0.22354143857955933
-0.7400016784667969
-0.3676007390022278
-0.014253996312618256
0.06437243521213531
0.21967986226081848
0.09219054877758026
0.08473582565784454
-0.1736384779214859
0.2440396249294281
-0.5152168869972229
-0.012018229812383652
-0.6598308086395264
0.1690826565027237
-0.03444499894976616
-0.2301938235759735
-0.5818524956703186
0.054191071540117264
0.5338834524154663
0.6804213523864746
-0.11252103745937347
0.7145213484764099
-0.0585254542529583
-0.25878098607063293
-0.618545413017273
-0.13938871026039124
-0.020955530926585197
-0.29080843925476074
0.13969260454177856
0.3050730526447296
-0.5639485120773315
-0.43827444314956665
-0.029413454234600067
-0.4743227958679199
0.06006179377436638
0.21248075366020203
-0.016452383249998093
0.4232366383075714
0.3540351688861847
-0.5178825259208679
0.20923680067062378
-0.13576243817806244
-0.7455460429191589
0.08554205298423767
0.5965761542320251
-0.03992917388677597
0.14810416102409363
0.4480874836444855
0.6384073495864868
-1.2819477319717407
0.6654875874519348
0.349204421043396
-0.11990901827812195
-0.36518558859825134
-0.027063773944973946
0.11672614514827728
0.031724754720926285
-0.16834434866905212
0.4776676893234253
0.34683865308761597
-0.056497056037187576
-0.28825002908706665
0.2134566605091095
-0.10038595646619797
0.03138010576367378
0.03539123013615608
0.4929860830307007
-0.10533013939857483
0.0903245210647583
-0.09607215225696564
0.536033034324646
0.40878599882125854
-0.1578216850757599
-0.20309466123580933
-0.828003466129303
-0.07811497896909714
0.5063002109527588
-0.02259814366698265
0.49628138542175293
0.06894095242023468
0.4288448393344879
0.003117915242910385
-0.4246883988380432
0.052654001861810684
0.3300561308860779
-0.4394911527633667
-0.051551226526498795
-0.12947596609592438
-0.04688306525349617
-0.5429116487503052
-0.17613282799720764
0.634390652179718
0.5561883449554443
0.04318998381495476
0.20684519410133362
-0.3611867129802704
0.607555091381073
0.2529838979244232
0.6616089344024658
-0.3330725431442261
0.017480220645666122
0.7124921083450317
0.07724373042583466
-0.16738010942935944
0.114485964179039
-0.560552716255188
-0.3588443398475647
-0.4997485280036926
-0.11735045909881592
0.5502344965934753
-0.1662968099117279
0.27444127202033997
-0.404501348733902
0.36933213472366333
0.4450184404850006
0.13823659718036652
0.32289350032806396
-0.13753224909305573
0.35553938150405884
-0.2198195457458496
-0.15572471916675568
0.44956067204475403
0.8472636938095093
0.062016312032938004
0.537729799747467
-0.02292875573039055
0.015402529388666153
0.51524418592453
0.20685437321662903
0.020630303770303726
0.44433465600013733
-0.15668010711669922
-0.08003388345241547
0.016294199973344803
0.464102566242218
-0.4886924922466278
-0.049400582909584045
-0.33058902621269226
-0.2298474758863449
0.6541693210601807
-0.890410304069519
-0.08560614287853241
-0.3682337999343872
-0.020108360797166824
0.6010104417800903
0.23864814639091492
0.30007556080818176
0.13909055292606354
-0.07172337174415588
0.4307434558868408
0.14546671509742737
0.03647424653172493
0.255571186542511
-0.045468769967556
0.07657662034034729
0.13940995931625366
-1.0072835683822632
-0.6460539102554321
-0.029385298490524292
-0.24118971824645996
-0.1072542816400528
-0.20390865206718445
0.5800186395645142
-0.40994352102279663
-0.7665113806724548
-1.2907310724258423
0.3318750858306885
0.4665369391441345
0.11754217743873596
-0.22810648381710052
0.5108214616775513
0.2798283100128174
0.2916051745414734
0.04987378790974617
-0.3568304181098938
0.5845094919204712
0.0734577625989914
0.32726916670799255
0.6324583888053894
0.4196765422821045
0.4572576880455017
0.2470014989376068
0.582710862159729
-0.27423855662345886
0.2010011374950409
0.5190163850784302
0.04804658517241478
0.058712076395750046
0.5810951590538025
-0.16293804347515106
-0.45317351818084717
0.08222192525863647
-0.49003469944000244
-1.9853943586349487
0.29932042956352234
-0.697639524936676
0.22897037863731384
0.5225560665130615
-0.10617654025554657
0.20992249250411987
0.33876484632492065
-0.1285378336906433
-0.08426741510629654
0.30489975214004517
0.055981043726205826
0.23629993200302124
0.4612630605697632
0.5017596483230591
-0.11310818791389465
-0.05795224383473396
-0.1500985324382782
0.31921184062957764
-0.3769524395465851
-0.2791370153427124
0.4545181393623352
-0.2848994731903076
-0.690470814704895
-1.505600094795227
0.3209693431854248
-0.08650274574756622
-0.6886016726493835
0.46390318870544434
-0.4177277386188507
0.3781471252441406
-0.0818667858839035
-0.12313073873519897
-0.9043101072311401
-0.34996092319488525
-0.11222726106643677
-0.23646070063114166
-0.13988365232944489
0.10281486809253693
-1.2095301151275635
0.15297502279281616
0.10118037462234497
-0.12647373974323273
0.036230508238077164
-0.3703221380710602
-0.07600213587284088
0.40910089015960693
-0.018181413412094116
-0.008185062557458878
0.27946069836616516
0.4432794451713562
-0.687120258808136
0.030842673033475876
0.009404998272657394
-0.32436951994895935
-0.12209594249725342
0.04016212001442909
0.020988408476114273
0.5799036622047424
-0.03228018060326576
-0.08082914352416992
-0.22144298255443573
0.14014112949371338
-0.47245657444000244
-0.1941213309764862
-1.8330206871032715
0.2702256143093109
-0.1858418881893158
0.539516806602478
-0.8292016386985779
0.477230429649353
0.4807116985321045
0.39870554208755493
-0.1816163957118988
-0.683412492275238
0.20200154185295105
-0.17905193567276
0.2771935760974884
-0.6836426854133606
0.00799505040049553
0.3978538513183594
0.6047686338424683
0.42758992314338684
0.5134708881378174
0.11694091558456421
-1.7551342248916626
0.37672245502471924
0.23506060242652893
0.04781889542937279
-0.054207224398851395
0.0737171471118927
0.5125923156738281
0.19384072721004486
-0.9312160015106201
-0.38156557083129883
0.6643059849739075
-0.494881272315979
0.47493135929107666
0.05868491157889366
-0.6251956820487976
-0.8925909996032715
0.18102328479290009
0.15323540568351746
-0.8405836224555969
0.011238966137170792
0.556210994720459
-0.17741699516773224
0.5544071197509766
-0.2703557014465332
-0.1621534526348114
-0.07904072105884552
0.3972613215446472
-0.10038056969642639
0.4824199676513672
0.3361707627773285
0.15395742654800415
-0.7544346451759338
0.2028430700302124
-0.01568881794810295
0.006349083036184311
-0.17597107589244843
0.39644914865493774
-0.013541478663682938
-0.09276421368122101
0.7153515219688416
-0.034696731716394424
-0.7222670912742615
-0.23756851255893707
-0.021012596786022186
-0.23694922029972076
-1.341445803642273
0.5287125706672668
-0.22090399265289307
0.2679694592952728
-0.32602766156196594
-0.11133424937725067
-1.1938774585723877
0.27832263708114624
-0.3560706377029419
0.17553512752056122
0.3912249803543091
0.26205694675445557
0.4672088027000427
-0.494876891374588
0.4099808931350708
-0.5441977977752686
0.3336319923400879
0.17921194434165955
0.32599443197250366
0.49099063873291016
0.08612009882926941
-0.06123115122318268
0.3234966993331909
-0.19229784607887268
-0.057640183717012405
-0.042890436947345734
0.33815470337867737
-0.5763331651687622
-0.18050915002822876
0.04731053486466408
0.39774855971336365
0.3678971827030182
0.5612374544143677
-0.058712199330329895
-1.1606628894805908
-0.014342885464429855
0.7039243578910828
-0.524364173412323
0.41571828722953796
-0.49774986505508423
-0.004317332059144974
-0.12338921427726746
0.35098257660865784
0.20135945081710815
0.16868403553962708
-0.11571058630943298
-0.07349039614200592
-0.008317876607179642
0.1721479743719101
-0.614109218120575
0.4874368906021118
-0.35667869448661804
-0.0839427262544632
-0.2484942078590393
-0.7340351343154907
-0.7210081815719604
0.4353838860988617
-2.0355653762817383
0.1616375893354416
0.0902378261089325
0.5503600239753723
-0.2894945442676544
0.09111377596855164
-0.5544280409812927
0.13983118534088135
0.6197660565376282
0.19919544458389282
0.17322269082069397
-0.016529574990272522
-0.43588781356811523
0.34440547227859497
0.06308169662952423
-0.09715697169303894
0.4127365052700043
-0.029601970687508583
0.7482909560203552
0.1566130518913269
-0.3337576687335968
-0.5095385909080505
-0.07370893657207489
-1.8428246974945068
-0.8137128949165344
0.3712209165096283
-0.37361443042755127
0.43847623467445374
-0.03762517124414444
-0.13433288037776947
-0.18188214302062988
-0.39786192774772644
-0.25370901823043823
-0.0931737869977951
0.2553127110004425
0.37999194860458374
-0.2249613106250763
0.10776960849761963
-0.011552948504686356
0.6812432408332825
