-1.1348707675933838
-1.058309555053711
-0.676872730255127
-1.0595753192901611
-0.7847051024436951
-0.9977930784225464
-0.9060874581336975
-0.641330361366272
-1.0086669921875
-1.2987160682678223
-1.205439567565918
-1.0250855684280396
-0.6857830882072449
-0.6882749795913696
-1.1218994855880737
-1.7263187170028687
-1.245174527168274
-1.0296740531921387
-0.9621732831001282
-1.1369041204452515
-0.90095454454422
-0.9601215124130249
-0.9099578857421875
-1.106484055519104
-0.8138049244880676
-0.8139308094978333
-1.1405088901519775
-1.1856513023376465
-1.1361359357833862
-1.391006350517273
-1.4275188446044922
-1.023600459098816
-1.186608076095581
-1.1959518194198608
-1.031928539276123
-0.8895547389984131
-1.1601943969726562
-0.6246066689491272
-0.7457972168922424
-0.7632755637168884
-1.2361944913864136
-1.1090292930603027
-1.197615146636963
-0.8893148303031921
-0.9369446635246277
-1.162428379058838
-1.0164942741394043
-1.2193026542663574
-1.046469807624817
-1.1010973453521729
-0.9337412714958191
-0.7875413298606873
-1.1328378915786743
-0.931843638420105
-0.9671483039855957
-1.1482727527618408
-1.3541181087493896
-1.2226262092590332
-1.287433385848999
-1.2855840921401978
-0.8318848609924316
-0.8690028786659241
-1.0477057695388794
-1.1188443899154663
-1.235954761505127
-0.8466649651527405
-1.055899977684021
-0.9658460021018982
-1.150559902191162
-1.1349729299545288
-1.0789484977722168
-1.2286795377731323
-0.8641726970672607
-0.8373324275016785
-1.031416893005371
-0.9421341419219971
-1.4608211517333984
-0.7023998498916626
-1.0035268068313599
-1.2422162294387817
-0.9202141761779785
-0.9975429773330688
-0.8785353302955627
-0.9164354205131531
-1.0028355121612549
-1.0203957557678223
-1.1369937658309937
-0.9655771255493164
-1.0896307229995728
-0.963677704334259
-1.981410264968872
-1.027332067489624
-1.1484246253967285
-1.1329615116119385
-0.744326114654541
-1.19684636592865
-0.6654176712036133
-1.883066177368164
-0.957188069820404
-1.1182212829589844
-1.0298703908920288
-0.7739800214767456
-1.0632411241531372
-0.910003662109375
-1.281367540359497
-1.0580641031265259
-0.7915390729904175
-1.1435295343399048
-1.0670697689056396
-0.7509586215019226
-0.91389399766922
-1.209704041481018
-0.8228621482849121
-0.7834786772727966
-0.8749728798866272
-0.8417779207229614
-1.1770910024642944
-1.1483566761016846
-0.7623408436775208
-1.3017010688781738
-0.8350068926811218
-1.072792410850525
-0.8979330062866211
-1.1560046672821045
-1.027367115020752
-1.125267744064331
-1.0577306747436523
-0.9751083254814148
-0.8063249588012695
-1.0673911571502686
-0.990556538105011
-0.6098138689994812
-1.2759816646575928
-1.1559767723083496
-1.1335093975067139
-0.9130653142929077
-0.7797197103500366
-1.0057973861694336
-1.1064262390136719
-1.0378317832946777
-1.3415528535842896
-1.0522805452346802
-0.8795315623283386
-0.7664317488670349
-1.189932942390442
-1.054842233657837
-0.6738593578338623
-1.0094035863876343
-0.9347833395004272
-1.275882601737976
-1.3103587627410889
-0.8985388278961182
-0.9140310883522034
-1.2625393867492676
-0.9476967453956604
-0.7525711059570312
-0.9304016828536987
-1.2338906526565552
-0.6104901432991028
-1.1438724994659424
-0.8376725316047668
-0.9068716168403625
-0.9652393460273743
-0.9605861306190491
-0.8837587833404541
-1.1567673683166504
-1.1033655405044556
-1.0632025003433228
-1.1038403511047363
-0.9699854254722595
-0.6147374510765076
-1.1781880855560303
-1.0808008909225464
-1.137516736984253
-0.8958672285079956
-1.1101380586624146
-1.274175763130188
-0.707623302936554
-1.1698135137557983
-1.0315372943878174
-0.8821892738342285
-1.098948359489441
-1.0579179525375366
-1.077934741973877
-0.7469087839126587
-1.2293474674224854
-0.831840455532074
-1.1030129194259644
-1.2832207679748535
-1.2510086297988892
-1.050473928451538
-0.8024919033050537
-1.1064262390136719
-0.8963583707809448
-0.9958359599113464
-1.1280677318572998
-0.8465180397033691
-1.1138900518417358
-0.6473341584205627
-0.8696972131729126
-0.7813321948051453
-1.0558069944381714
-1.1459017992019653
-0.9472126960754395
-1.1251955032348633
-1.1335399150848389
-1.0211628675460815
-1.070633888244629
-0.8704542517662048
-1.205263614654541
-1.1287206411361694
-0.7103570103645325
-1.4715707302093506
-1.4698503017425537
-0.8746739029884338
-1.2775204181671143
-1.0807538032531738
-1.163529872894287
-1.2088537216186523
-0.6463730931282043
-0.4747879207134247
-1.020135521888733
-0.9566679000854492
-0.7229509353637695
-0.9189370274543762
-1.0421104431152344
-1.2298996448516846
-0.7537468671798706
-1.2460016012191772
-0.994326651096344
-1.386828064918518
-1.167170524597168
-1.057837724685669
-1.0567569732666016
-0.8569324016571045
-1.6174027919769287
-0.8154642581939697
-1.1137033700942993
-1.1925865411758423
-0.9501188397407532
-0.9170164465904236
-1.0699282884597778
-1.1705907583236694
-0.9314721822738647
-0.8614320755004883
-1.0089904069900513
-1.1940428018569946
-1.2021033763885498
-1.1014492511749268
-0.9762841463088989
-1.0537917613983154
-1.1281037330627441
-1.0569854974746704
-1.146918773651123
-1.286712884902954
-1.266159176826477
-1.1567877531051636
-0.9891397953033447
-0.7478883862495422
-1.143439531326294
-1.0596015453338623
-1.4531662464141846
-0.9321111440658569
-1.0604168176651
-0.7353870868682861
-1.1181515455245972
-1.0488555431365967
-1.214993953704834
-0.9954192638397217
-1.0440527200698853
-1.1062428951263428
-0.916701078414917
-0.9030196666717529
-1.098049283027649
-1.0433892011642456
-0.6055274605751038
-1.2502213716506958
-1.2416119575500488
-0.8797112107276917
-0.9320304989814758
-0.9304409027099609
-0.9467995762825012
-0.9577820897102356
-1.1066659688949585
-1.0669666528701782
-0.8241620063781738
-1.1986654996871948
-0.8837739825248718
-0.7790498733520508
-0.7303716540336609
-0.7489646673202515
-1.0127564668655396
-1.1713732481002808
-0.7879034280776978
-1.3403840065002441
-1.4230817556381226
-1.288533329963684
-1.1533125638961792
-0.5966168642044067
-1.2678067684173584
-1.0327733755111694
-0.688143789768219
-1.2317533493041992
-1.3813283443450928
-0.890332818031311
-1.2219029664993286
-1.001107931137085
-0.8170031905174255
-0.9820884466171265
-1.2589818239212036
-1.1610093116760254
-1.3232475519180298
-0.7220526933670044
-0.9290230870246887
-0.8568122982978821
-0.9390062689781189
-0.9511962532997131
-1.591604232788086
-1.052306890487671
-2.178494691848755
-1.1679309606552124
-1.0998295545578003
-1.052397608757019
-0.9420472979545593
-1.0455143451690674
-0.8111940026283264
-0.8601951003074646
-1.1161048412322998
-1.1759546995162964
-1.114351511001587
-1.0497758388519287
-1.0210143327713013
-0.8725633025169373
-1.3133580684661865
-1.05892014503479
-1.4207873344421387
-0.9332418441772461
-0.9908614158630371
-1.193042278289795
-0.7308868765830994
-0.980011522769928
-1.0049375295639038
-1.0545017719268799
-1.116889476776123
-0.8240423798561096
-0.7940141558647156
-2.0865249633789062
-1.221099853515625
-1.1955057382583618
-1.1991500854492188
-0.7951028943061829
-1.0098012685775757
-1.027003526687622
-0.8105947375297546
-1.1981985569000244
-1.5442599058151245
-1.0393760204315186
-0.9500940442085266
-0.9189055562019348
-0.8880481123924255
-0.8535439372062683
-1.0436114072799683
-1.005378007888794
-0.9657958149909973
-1.0648576021194458
-0.9383397102355957
-0.9399269819259644
-0.7132181525230408
-0.9088594913482666
-1.1032136678695679
-1.1959491968154907
-1.031535267829895
-0.9388481974601746
-1.116441011428833
-0.6539233922958374
-0.7929264903068542
-1.1354150772094727
-0.9945939779281616
-1.1061089038848877
-1.0484135150909424
-1.1875951290130615
-1.116692304611206
-0.9817010760307312
-0.9971398711204529
-1.3392035961151123
-1.0643237829208374
-0.7156140208244324
-1.0464690923690796
-0.9551544785499573
-0.5913947224617004
-0.7952885627746582
-1.0453099012374878
-0.9134584665298462
-1.4507970809936523
-1.0511430501937866
-1.2892519235610962
-0.46967607736587524
-1.2271971702575684
-0.901555597782135
-0.7725890278816223
-0.6403875350952148
-1.0956699848175049
-1.293543815612793
-1.3385446071624756
-1.1069557666778564
-0.9753770232200623
-0.9654209017753601
-0.8659622073173523
-0.9891818761825562
-1.203006625175476
-1.4766019582748413
-0.863305389881134
-1.1190924644470215
-1.168494462966919
-2.173304796218872
-1.0350197553634644
-1.2302168607711792
-1.1115504503250122
-0.8569982647895813
-0.8822295665740967
-1.2841637134552002
-0.8614614605903625
-0.9322527647018433
-1.0302666425704956
-1.3797186613082886
-1.3161349296569824
-1.0589163303375244
-1.3622844219207764
-1.3490465879440308
-0.8742448687553406
-1.1278141736984253
-1.3304418325424194
-1.1590180397033691
-0.8315178751945496
-0.8833600282669067
-0.9534398913383484
-1.031998872756958
-1.0066269636154175
-1.0073269605636597
-1.1544781923294067
-1.016749382019043
-0.9712304472923279
-1.2742056846618652
-0.8160800337791443
-1.2012271881103516
-1.2910869121551514
-1.1734797954559326
-1.0512183904647827
-1.1167185306549072
-0.818764865398407
-0.8103974461555481
-1.3493870496749878
-1.2155648469924927
-0.8179399371147156
-1.0999780893325806
-0.4430340528488159
-1.3668687343597412
-0.9326809048652649
-1.1668096780776978
-1.420180082321167
-0.8209317326545715
-0.7118245363235474
-0.8956031799316406
-0.7943874001502991
-1.176807165145874
-1.0340120792388916
-1.2982242107391357
-0.9744564890861511
-1.0116260051727295
-0.944023072719574
-0.7240692973136902
-1.1139980554580688
-1.0064998865127563
-1.081156611442566
-1.5026544332504272
-0.9479875564575195
-0.9593938589096069
-1.3777374029159546
-1.0632188320159912
-1.2894524335861206
-1.1947987079620361
-0.7966575026512146
-1.2981622219085693
-0.7795818448066711
-1.2822939157485962
-0.8374665379524231
-1.1917442083358765
-1.1569522619247437
-1.0237603187561035
-1.1309458017349243
-1.033891201019287
-0.9551948308944702
-0.8797821402549744
-1.225698471069336
-0.8852071762084961
-1.0945252180099487
-0.8707457780838013
-0.6744936108589172
-1.0552375316619873
-0.8516889214515686
-0.9452687501907349
-1.1205610036849976
-0.6262007355690002
-0.978981077671051
-1.0546122789382935
-1.2530285120010376
-1.2506805658340454
-0.8270809650421143
-1.0786290168762207
-0.8158770203590393
-1.096789836883545
-1.2092137336730957
-0.7558162212371826
-0.7119896411895752
-0.9671463370323181
-1.143538475036621
-0.8947741985321045
-0.8816229701042175
-1.0590112209320068
-0.8582240343093872
-0.8378409743309021
-0.8868845105171204
-1.2760857343673706
-1.173427939414978
-1.2985880374908447
-1.2111005783081055
-1.0881898403167725
-0.9624219536781311
-0.840255618095398
-0.863025963306427
-1.3747857809066772
-0.9600170850753784
-0.9936103224754333
-1.178320288658142
-0.9750851988792419
-1.0986677408218384
-0.7223294973373413
-1.3466805219650269
-1.1746715307235718
-0.4230972230434418
-1.041768193244934
-1.097342848777771
-0.9155198931694031
-1.3241384029388428
-0.7138144969940186
-1.032926082611084
-1.0528855323791504
-1.179591417312622
-0.9263476133346558
-1.1901390552520752
-0.9311655163764954
-1.0278047323226929
-1.0415078401565552
-1.1883660554885864
-1.2109731435775757
-1.0340135097503662
-0.9846146106719971
-1.1429983377456665
-1.3378427028656006
-0.9041674137115479
-0.9461417198181152
-1.0852495431900024
-1.1915937662124634
-0.7711318731307983
-1.0285983085632324
-1.1783753633499146
-1.3464891910552979
-0.8996722102165222
-0.9105351567268372
-1.0288130044937134
-0.9182860851287842
-0.9913703203201294
-0.8455762267112732
-1.0349063873291016
-0.8630930781364441
-0.7490149140357971
-0.9640026688575745
-0.9433081746101379
-1.1919056177139282
-1.229826807975769
-0.9993323683738708
-0.8900792598724365
-1.3795456886291504
-1.2070913314819336
-0.9614031910896301
-1.745558738708496
-1.0980726480484009
-1.042441964149475
-1.1919076442718506
-0.37056106328964233
-1.0707076787948608
-1.3270368576049805
-1.018467664718628
-1.3453257083892822
-0.8364401459693909
-1.020041823387146
-0.898811936378479
-1.3855044841766357
-0.9687924981117249
-0.7624145746231079
-1.19383704662323
-0.9081547260284424
-1.1920628547668457
-0.8702688217163086
-1.2754220962524414
-1.1718586683273315
-1.0814567804336548
-0.9843100905418396
-0.8661788702011108
-0.9743638038635254
-0.9950892329216003
-0.9453548789024353
-1.193385362625122
-1.232566475868225
-0.959671676158905
-1.7064087390899658
-0.9115146994590759
-1.108858346939087
-1.05555260181427
-1.2961360216140747
-1.0448986291885376
-1.2834776639938354
-1.020653486251831
-1.1619349718093872
-0.6618039608001709
-0.92210853099823
-1.327315092086792
-1.011926531791687
-0.9941391348838806
-0.9532719850540161
-1.1115467548370361
-1.0492079257965088
-1.4143792390823364
-0.9251954555511475
-1.2340134382247925
-0.8883488178253174
-1.022416591644287
-0.8278167843818665
-0.8518444299697876
-1.205736756324768
-0.9879182577133179
-0.8990256786346436
-0.7281449437141418
-1.2232556343078613
-1.061180591583252
-1.0698083639144897
-0.9419340491294861
-1.0388422012329102
-1.0748379230499268
-1.1282117366790771
-1.0269116163253784
-1.0396696329116821
-1.2664828300476074
-0.8670384287834167
-0.9628275036811829
-0.8977205753326416
-0.4861984848976135
-0.9091969728469849
-1.0646337270736694
-1.1206682920455933
-0.7929693460464478
-0.9155343174934387
-1.1124680042266846
-0.8997108936309814
-0.8108270168304443
-0.9263332486152649
-1.1263468265533447
-0.7201054692268372
-1.477731704711914
-1.1617660522460938
-1.700683355331421
-0.8844969272613525
-1.0485622882843018
-0.9455332159996033
-1.2474710941314697
-1.1932333707809448
-1.2420673370361328
-1.0310273170471191
-0.9272014498710632
-0.8533022403717041
-0.8347642421722412
-1.0078791379928589
-1.0721670389175415
-1.226228952407837
-1.092103362083435
-1.1558282375335693
-1.0190845727920532
-0.5471498966217041
-0.9835675954818726
-0.9688615798950195
-0.9096189141273499
-1.1423817873001099
-0.7953383326530457
-1.1487133502960205
-1.0538854598999023
-1.1127952337265015
-0.9650511145591736
-1.1629847288131714
-0.6718288064002991
-0.8027468919754028
-1.2209266424179077
-1.0927836894989014
-0.8774535059928894
-1.232877492904663
-0.9266917109489441
-0.8285914659500122
-1.178832769393921
-0.9939197301864624
-0.8853426575660706
-1.3661186695098877
-0.8243228197097778
-0.9639011025428772
-0.8697585463523865
-1.4216291904449463
-1.007891058921814
-1.16037917137146
-1.1162714958190918
-1.056739091873169
-0.9330657124519348
-1.2209203243255615
-1.123070240020752
-1.040411353111267
-1.3057868480682373
-1.3547629117965698
-0.7520442008972168
-0.5865048766136169
-1.0156091451644897
-0.8244795799255371
-1.0584518909454346
-1.045507788658142
-1.0865368843078613
-0.9478858113288879
-1.291846513748169
-1.3050497770309448
-0.9270205497741699
-0.906995952129364
-0.9762535095214844
-1.0944769382476807
-0.8131048083305359
-1.0129344463348389
-1.787460446357727
-1.1326626539230347
-0.7530778050422668
-1.0732778310775757
-0.9631932973861694
-1.1694124937057495
-0.6964410543441772
-1.1813410520553589
-0.7913961410522461
-1.2070811986923218
-0.8622198700904846
-0.9131593704223633
-1.0413931608200073
-0.9749314785003662
-1.0267633199691772
-0.9081048965454102
-0.9477555751800537
-1.3159983158111572
-1.2935705184936523
-0.8185738921165466
-0.8085570931434631
-1.1053454875946045
-1.1826715469360352
-1.377737283706665
-1.2571061849594116
-1.1996588706970215
-0.8637194037437439
-1.3163293600082397
-0.5664383172988892
-0.9564675688743591
-1.0959144830703735
-1.0471943616867065
-1.0372470617294312
-0.9981537461280823
-1.0760564804077148
-1.037294864654541
-0.9106906056404114
-1.1166380643844604
-1.0725194215774536
-0.8601190447807312
-0.7092225551605225
-1.413170337677002
-0.8476057648658752
-0.9802998900413513
-0.8989943265914917
-0.7082481980323792
-0.975525975227356
-1.266018271446228
-0.9889193773269653
-1.0925586223602295
-0.8881269693374634
-1.0009394884109497
-0.8990512490272522
-0.918380856513977
-1.1502655744552612
-1.423019528388977
-1.257606029510498
-0.8033494353294373
-1.2522413730621338
-0.9780073165893555
-1.0236676931381226
-1.126099705696106
-1.4864429235458374
-1.1331305503845215
-0.8669633269309998
-0.8841437101364136
-1.1491072177886963
-1.3623350858688354
-1.3926644325256348
-0.6980974078178406
-1.0046359300613403
-0.8503351807594299
-1.0677082538604736
-1.0457249879837036
-1.2214224338531494
-1.3684300184249878
-1.7433106899261475
-1.0174037218093872
-1.22572660446167
-0.9772425889968872
-1.1443182229995728
-1.0782655477523804
-0.8684003949165344
-1.2581650018692017
-0.8618618845939636
-0.9895151257514954
-1.1883888244628906
-0.7269443273544312
-0.7857134938240051
-0.9865067005157471
-1.1464500427246094
-1.0134289264678955
-1.0968754291534424
-1.2765836715698242
-1.1027908325195312
-1.0917288064956665
-1.337162733078003
-1.2181018590927124
-1.0033843517303467
-0.9045136570930481
-1.2995141744613647
-1.1960103511810303
-0.9579257369041443
-0.9679348468780518
-1.0810198783874512
-0.9753643870353699
-1.333039402961731
-1.233288288116455
-1.0989563465118408
-0.9432290196418762
-1.091458797454834
-1.223793625831604
-0.86191326379776
-1.053775429725647
-0.8970862030982971
-1.0056965351104736
-1.5077123641967773
-0.8235113024711609
-1.028310775756836
-0.9364707469940186
-0.8716541528701782
-1.255698323249817
-1.0710293054580688
-0.889520525932312
-1.4240471124649048
-1.018531084060669
-0.9982354640960693
-0.8638703227043152
-0.603601336479187
-1.1900361776351929
-1.1723164319992065
-0.9877653121948242
-1.11031973361969
-1.173606276512146
-0.6737095713615417
-1.0458084344863892
-1.356269121170044
-1.0294785499572754
-1.1682608127593994
-0.8781629800796509
-0.9334349632263184
-1.1099457740783691
-1.067934274673462
-1.0037838220596313
-0.8752450346946716
-1.1778554916381836
-1.064510464668274
-1.407135248184204
-0.9947962164878845
-1.2832914590835571
-1.227954387664795
-1.1823502779006958
-1.1022794246673584
-0.8943549990653992
-1.134293794631958
-1.2689439058303833
-0.46823155879974365
-1.190800666809082
-0.7155590057373047
-1.143662691116333
-1.1344530582427979
-0.8670567870140076
-1.0808185338974
-0.8627342581748962
-0.799758791923523
-0.5983599424362183
-0.9237826466560364
-0.8788741827011108
-1.1832345724105835
-1.0728833675384521
-1.0765000581741333
-0.885841429233551
-0.9397258758544922
-1.0493146181106567
-0.7944679856300354
-0.8043951988220215
-0.7192781567573547
-1.295350193977356
-1.0786473751068115
-1.1467829942703247
-1.1476001739501953
-1.2628722190856934
-1.0107543468475342
-1.2794368267059326
-1.1970751285552979
-1.3035811185836792
-1.1840304136276245
-0.7322051525115967
-0.8077628016471863
-1.413102388381958
-0.803825318813324
-1.538161039352417
-0.911808967590332
-0.9460301399230957
-1.2266507148742676
-0.877436637878418
-0.9021902680397034
-0.9080846905708313
-1.0032752752304077
-0.9345816969871521
-1.1512987613677979
-1.0043065547943115
-0.9280752539634705
-1.0087006092071533
-1.1982060670852661
-0.9104261994361877
-0.7569242119789124
-0.8675717115402222
-0.8870493769645691
-1.2380495071411133
-1.1712967157363892
-0.9878772497177124
-0.9919813275337219
-1.0377302169799805
-1.1118574142456055
-0.8797193169593811
-1.0957581996917725
-1.1306346654891968
-1.0831620693206787
-1.4920095205307007
-0.9779213070869446
-0.9267230033874512
-1.5614784955978394
-1.2441400289535522
-1.014875888824463
-1.03676176071167
-0.7753116488456726
-0.8799859881401062
-0.9006356596946716
-1.033088207244873
-1.1841561794281006
-0.725701093673706
-1.0083099603652954
-1.1054978370666504
-1.0820989608764648
-1.22110116481781
-1.173624038696289
-1.3107250928878784
-0.9195296168327332
-1.0583405494689941
-1.0386621952056885
-1.0289198160171509
-1.4917097091674805
-0.9569498896598816
-0.7771008014678955
-0.7584325671195984
-0.9779733419418335
-0.9516070485115051
-0.9712737202644348
-0.811514675617218
-1.1332221031188965
-0.7235384583473206
-0.7533065676689148
-1.04946768283844
-1.110779881477356
-1.1116862297058105
-1.0585206747055054
-1.2394349575042725
-1.1442965269088745
-1.0441405773162842
-0.6724815368652344
-1.5630943775177002
-1.2641993761062622
-1.0656710863113403
-1.0380744934082031
-0.6540378332138062
-0.8295236229896545
-1.2093427181243896
-0.88934326171875
-0.7918546199798584
-1.406713843345642
-0.905569851398468
-1.1640805006027222
-1.120976448059082
-0.9180289506912231
-1.1485512256622314
-0.8780407309532166
-0.8827477097511292
-1.334742784500122
-0.9971150755882263
-0.9064682126045227
-0.6934234499931335
-1.1772342920303345
-1.2187869548797607
-1.0770020484924316
-1.2960078716278076
-1.1120667457580566
-0.8462734222412109
-1.0640177726745605
-0.9430714249610901
-0.9747904539108276
-0.9856669306755066
-0.9326606392860413
-1.2685980796813965
-0.7430278658866882
-0.9116327166557312
-1.2776776552200317
-0.8819251656532288
-1.1828731298446655
-1.0086811780929565
-1.1432148218154907
-1.1090954542160034
-0.838840901851654
-1.1404943466186523
-0.7810987830162048
-0.9431996941566467
-0.5704986453056335
-0.9337403178215027
-0.991968035697937
-0.9686591625213623
-0.835675835609436
-1.2635811567306519
-1.030985951423645
-1.2856945991516113
-0.8581364750862122
-1.08405601978302
-1.257822871208191
-1.1611355543136597
-1.0116286277770996
-0.9429695010185242
-1.218083381652832
-0.7920637726783752
-0.5426947474479675
-0.9483804702758789
-1.1690566539764404
-0.975680410861969
-0.9875214099884033
-0.8494489789009094
-0.8753403425216675
-0.8371757864952087
-0.9014862775802612
-1.0851140022277832
-0.8496785163879395
-0.9694145917892456
-1.0018064975738525
-1.1338871717453003
-0.8355941772460938
-0.9796649217605591
-1.074372410774231
-1.014635443687439
-1.1722036600112915
-0.7905431389808655
-0.8846814036369324
-1.1697832345962524
-1.0235064029693604
-1.0073093175888062
-0.7973865866661072
-0.896468460559845
-0.870293140411377
-1.1478488445281982
-0.9817743301391602
-1.02500319480896
-0.893768310546875
-1.1548471450805664
-0.8509116768836975
-0.9879069328308105
-0.7293804883956909
-1.4174401760101318
-0.8455366492271423
-0.7153390645980835
-1.071264624595642
-0.6834465861320496
-1.001412272453308
-1.1021748781204224
-1.032420039176941
-0.9042484164237976
-1.3304022550582886
-1.0649620294570923
-1.1222784519195557
-1.1326180696487427
-0.7759191989898682
-1.2000364065170288
-1.1798415184020996
-0.8908992409706116
-0.9635797142982483
-0.9857035875320435
-0.7688694000244141
-0.6541296243667603
-1.1246672868728638
-2.0221753120422363
-0.8865280151367188
-1.1206691265106201
-1.0377235412597656
-1.1247013807296753
-1.4121742248535156
-0.9789552092552185
-0.666537344455719
-1.012491226196289
-0.997297465801239
-0.9053680300712585
-0.9847489595413208
-0.9380733370780945
-1.0859984159469604
-1.0766010284423828
-1.0141385793685913
-0.9980056881904602
-1.1101276874542236
-0.6807889342308044
-0.6799879670143127
-1.1529276371002197
-0.6794455647468567
-1.0319396257400513
-2.143794536590576
-1.0109676122665405
-1.0160620212554932
-1.075927495956421
-0.9774959087371826
-1.03622305393219
-1.3076931238174438
-1.1196093559265137
-1.175837755203247
-0.8901052474975586
-1.1813864707946777
-0.6269400119781494
-0.6306871175765991
-1.0397546291351318
-1.074808120727539
-1.2033295631408691
-1.1334692239761353
