0.12209148705005646
0.13633385300636292
0.7315354943275452
-0.19159741699695587
-0.36865177750587463
-0.5338170528411865
-0.28737443685531616
-0.34197181463241577
-0.23075547814369202
0.6215041279792786
-0.16846688091754913
-0.3408718407154083
0.6167964339256287
-0.40607088804244995
0.14042623341083527
0.6096054315567017
0.20258009433746338
0.6466050148010254
-0.32228052616119385
-0.09230325371026993
-0.10884077847003937
0.06744535267353058
0.4278888702392578
-0.0060004256665706635
-0.7391837239265442
-0.3308603763580322
-0.5042629241943359
-0.6594680547714233
-0.5250252485275269
-0.3461204767227173
0.22467875480651855
0.6873279809951782
0.07977303862571716
-0.6331526041030884
0.5216865539550781
-0.2691138684749603
0.05600709095597267
-0.39519351720809937
0.2884075939655304
-0.22481724619865417
-0.3709004521369934
0.6445518732070923
-0.02179699018597603
0.472398579120636
-0.39532366394996643
0.856380820274353
0.6954784393310547
0.28395530581474304
0.21222788095474243
-0.5262552499771118
-0.6144225001335144
-0.40016287565231323
0.2543489336967468
-0.3263368308544159
-0.002992745488882065
-0.15250268578529358
0.8368218541145325
0.20957377552986145
-0.05463702604174614
-0.7375710010528564
-0.4633084833621979
-0.32808300852775574
-1.02405846118927
0.5403294563293457
0.7898862361907959
0.14324259757995605
-0.05235207453370094
0.7603356838226318
-0.48236095905303955
0.07341711223125458
-0.10147739201784134
-0.24165861308574677
0.801349937915802
-0.2616210877895355
-0.4498692750930786
0.31074589490890503
-0.6405096054077148
0.5494235157966614
-0.2889668941497803
0.6792523264884949
0.7946634292602539
0.48352402448654175
0.2134859263896942
-0.21424764394760132
0.17115144431591034
0.16009961068630219
0.0933522880077362
-0.18119393289089203
-0.6312806606292725
0.6975519061088562
-0.01095084473490715
-0.605231523513794
0.6748109459877014
-0.07514898478984833
-0.2902179956436157
0.15690559148788452
0.5618077516555786
-0.2893267869949341
-0.062171485275030136
0.15369084477424622
0.25767773389816284
-0.6275341510772705
0.3827073574066162
-1.3463865518569946
-0.33590924739837646
0.41845202445983887
-0.5681982040405273
0.3156841993331909
-0.4629223346710205
-0.1510876566171646
0.6215759515762329
-0.6104892492294312
-0.13492612540721893
0.8809429407119751
0.48218977451324463
0.6914359927177429
-0.04564501717686653
-0.013447482138872147
-1.2511875629425049
-0.23322835564613342
-0.3172481060028076
-0.18427389860153198
0.6863985657691956
-0.5654842853546143
-0.004881907254457474
-0.13913778960704803
0.0735468864440918
-0.08502815663814545
0.11960692703723907
-0.14389251172542572
-0.5015392303466797
0.21682655811309814
-0.43851590156555176
-0.12664449214935303
-0.4405149817466736
0.7375587224960327
0.3008790612220764
-0.2541867196559906
0.6448878049850464
0.7062109112739563
0.8267722725868225
0.7616898417472839
-0.768656849861145
-0.2006433606147766
-0.0545944906771183
-0.5105574727058411
-0.13604293763637543
-0.10262970626354218
-0.3718706965446472
0.5967854261398315
-0.5428006052970886
0.45835912227630615
-0.4482742249965668
0.5604618787765503
-0.881503701210022
0.40377548336982727
0.6776109337806702
-0.6402985453605652
0.46946144104003906
-0.039575815200805664
-0.17007653415203094
-0.7244398593902588
-0.177876815199852
0.7657002806663513
-0.2505339980125427
-0.17645716667175293
0.6306453943252563
-0.37893593311309814
0.76188063621521
0.2906457483768463
0.08536571264266968
0.07780316472053528
-0.5919979214668274
0.4838850498199463
-0.15400104224681854
-0.5559775829315186
0.4835588335990906
0.777093768119812
-0.49710169434547424
-0.1421826034784317
-0.2718115746974945
-0.7985729575157166
-0.5073736906051636
0.7870436310768127
-0.6219365000724792
0.39750492572784424
0.8378154039382935
0.048432160168886185
-0.11089703440666199
0.7222774028778076
-0.20224417746067047
-0.30494168400764465
0.6448878049850464
-0.2753881812095642
0.04092181846499443
0.05397680029273033
-0.3084034323692322
-0.5407548546791077
-0.2775298058986664
0.7502988576889038
0.018305402249097824
0.11401358246803284
-0.1476231962442398
0.7117618918418884
-0.2970244586467743
0.7997673749923706
0.3831721544265747
0.3545255661010742
0.2876034677028656
0.0709136426448822
-0.18990737199783325
0.64115971326828
-0.8902872800827026
-0.8259055018424988
0.0016097985208034515
-0.5285691022872925
-0.2962493896484375
0.7960652112960815
-0.4522578716278076
0.06100775673985481
-0.16337890923023224
-0.21423682570457458
-0.12368945777416229
-0.234796941280365
-0.06888682395219803
0.8164455890655518
-0.7458269596099854
-0.26963871717453003
0.8917615413665771
-0.38898539543151855
0.18139562010765076
0.686814546585083
-0.45556867122650146
-0.43241026997566223
0.08595634996891022
-1.793715476989746
-0.8038637042045593
-0.649610698223114
-0.6030982136726379
0.17284321784973145
0.7586814761161804
-0.1733466386795044
0.7571883201599121
0.3025169372558594
-0.4901179373264313
0.8593717217445374
0.28896936774253845
-0.6985143423080444
-0.025809576734900475
0.3954421877861023
-0.26189836859703064
-0.687946617603302
-0.5534781217575073
0.1407810002565384
-1.2423399686813354
0.46128904819488525
0.5803508162498474
-0.042207907885313034
0.007072575390338898
0.01585513725876808
0.38953423500061035
-0.6558918952941895
-0.28573527932167053
0.6775030493736267
0.17768722772598267
-0.2814507782459259
-0.5976272225379944
-0.48546406626701355
0.4863872528076172
-0.5883638858795166
0.7134301662445068
0.5679010152816772
0.21934187412261963
-0.02771470695734024
0.7006860375404358
0.3325667381286621
-0.4308505356311798
0.64244145154953
-0.38884565234184265
-0.04905217885971069
-0.12862183153629303
0.08288377523422241
0.4301952123641968
-0.9111488461494446
-1.2599105834960938
-0.5006321668624878
0.023734454065561295
0.34680497646331787
0.8251497745513916
0.19072318077087402
-0.8260202407836914
0.3266861140727997
0.2507492005825043
0.5250535607337952
0.34910523891448975
-0.3695027232170105
-0.33408671617507935
0.5574381351470947
-0.1869013011455536
-0.9489352703094482
0.38436359167099
-0.34452003240585327
0.7380985617637634
-0.5374354720115662
0.03372621908783913
0.6163002848625183
-0.14072410762310028
-0.6243162155151367
0.7642584443092346
0.13048285245895386
-0.3828456699848175
-0.38432443141937256
0.16926315426826477
0.34778428077697754
0.5581744909286499
-0.19984781742095947
-0.40057870745658875
0.10637986660003662
0.6466366052627563
-1.06620192527771
0.3770260512828827
-0.5286869406700134
-0.2850542664527893
-0.27794697880744934
0.16301435232162476
0.6140416860580444
0.5803361535072327
0.4831942915916443
-0.8167396187782288
0.28536131978034973
-0.7799515128135681
0.024440553039312363
0.38690510392189026
0.4302394986152649
0.7679429054260254
-0.4111902117729187
0.7707346677780151
-0.3471648693084717
-0.5617446303367615
0.48855090141296387
0.6507929563522339
0.22746708989143372
-0.5581387281417847
-0.5169403553009033
-0.34260880947113037
-0.2635088264942169
0.19589123129844666
0.3168203830718994
0.09752187132835388
0.3376915752887726
0.7123154401779175
-0.4358954429626465
0.36037227511405945
0.8264245390892029
-0.42329666018486023
0.530579149723053
0.8011481165885925
-0.46777069568634033
-0.6059720516204834
-0.0349106527864933
-0.06385137140750885
0.050541315227746964
0.16011160612106323
0.0683949887752533
0.5283447504043579
-0.19338637590408325
-0.5048794150352478
-0.044343769550323486
0.5328413844108582
0.5817376971244812
0.4440852105617523
0.5096012353897095
0.7267794609069824
-0.021627042442560196
0.663504421710968
0.5204076766967773
0.33321070671081543
-0.4185281991958618
0.40432190895080566
-0.6406572461128235
0.34875810146331787
0.3923356831073761
0.34571757912635803
-0.17837288975715637
-0.3704732358455658
-0.021756449714303017
-0.5369202494621277
-0.6391987204551697
-0.4175948202610016
-0.09999434649944305
-0.583502471446991
-0.21904169023036957
-0.7134222388267517
0.5238709449768066
0.28589925169944763
0.7484654784202576
-0.12882685661315918
-0.0868283063173294
-0.1993085741996765
0.02255263552069664
-0.44347962737083435
0.37845635414123535
-0.9475655555725098
-0.252176433801651
-0.3317592144012451
0.3029729723930359
0.012743908911943436
-0.6515893936157227
0.6218745112419128
0.41996005177497864
0.3583834171295166
0.7508297562599182
0.3844020366668701
-0.3083050847053528
-0.5748858451843262
-0.28541409969329834
-0.3376593589782715
-0.025016840547323227
-0.21820715069770813
-0.11372663080692291
0.04009759798645973
-0.28830447793006897
-0.2829822599887848
-0.5772380232810974
-0.29531463980674744
-0.49377644062042236
-0.022333692759275436
-0.2510455548763275
0.16472986340522766
-0.5818336606025696
0.6133012175559998
-0.11190526187419891
0.11692067980766296
-0.2286590039730072
0.06223176047205925
-0.9916595816612244
-0.48240572214126587
0.34691962599754333
-0.08392754197120667
-0.4386894702911377
-0.21537581086158752
-0.6375284790992737
-0.28265759348869324
0.5905858874320984
-0.7228273749351501
-0.5014565587043762
-0.1731429547071457
0.007103484123945236
0.0129932202398777
-0.5324480533599854
-0.16806361079216003
0.08226782083511353
-0.048256102949380875
0.3516000211238861
-0.05373178794980049
-0.3430114984512329
-0.6061349511146545
0.5663986802101135
0.7896968722343445
0.2290472388267517
0.7606375217437744
0.8368279933929443
0.06611910462379456
-0.6350127458572388
0.35424327850341797
0.7863672375679016
0.7872183918952942
-0.08845101296901703
0.1523195505142212
0.7765277028083801
0.5966262221336365
-0.21249426901340485
0.1259053349494934
0.19762644171714783
-0.12026044726371765
0.07754187285900116
0.3926316499710083
-0.6120378971099854
0.11340244114398956
0.4443928301334381
-0.27509406208992004
0.4215026795864105
-0.166465625166893
-0.5700751543045044
-0.4460035264492035
-0.03920117765665054
-0.2323271930217743
-0.22243912518024445
0.7099764347076416
0.12457382678985596
-0.45529356598854065
-0.3206936717033386
0.17626714706420898
0.1498410552740097
-0.3066316246986389
0.010505333542823792
-0.11321994662284851
0.01740630343556404
-0.007758166640996933
0.4598926305770874
0.3031694293022156
0.03954485431313515
0.4694042205810547
-0.4978254735469818
0.16554859280586243
0.4020827114582062
0.6841458082199097
-0.4100191295146942
-0.059293441474437714
-0.1107979491353035
-0.7211236953735352
0.2709752917289734
-0.6477997303009033
0.01798756793141365
-0.1807273030281067
0.05037473514676094
-0.491599440574646
-0.3889208436012268
-0.29854342341423035
-0.5004224181175232
0.5289437174797058
-0.3576691448688507
-0.35061565041542053
0.1812012642621994
0.1859976351261139
-0.6732275485992432
0.6486290693283081
-0.17793871462345123
-0.23018687963485718
-0.43531280755996704
0.19205507636070251
-0.19783872365951538
0.8141063451766968
0.41909292340278625
0.5123541951179504
0.32450124621391296
-0.24961727857589722
-0.28755003213882446
-0.029225315898656845
-0.9420685172080994
-0.40487396717071533
-0.44095033407211304
0.3649730384349823
-0.3989187479019165
0.7472763061523438
-0.005586661398410797
-0.052857059985399246
0.7090288996696472
0.5344818234443665
0.5708332657814026
-0.6963430047035217
-0.04227630794048309
0.5611000657081604
0.5846545696258545
0.4273524880409241
-0.9323365688323975
-0.7394028306007385
-0.2413598895072937
-0.44554346799850464
0.6658903360366821
0.3550485074520111
0.4386616349220276
-0.7196382284164429
-0.040159955620765686
0.1428886502981186
-0.41073381900787354
0.4520273208618164
-0.617536187171936
0.1311071515083313
0.6914525628089905
-0.5618022680282593
-0.757119357585907
-0.49424880743026733
-0.18539182841777802
-0.2656193673610687
-0.5825597643852234
-0.7043638229370117
0.18115271627902985
-0.4307546317577362
-0.4515758156776428
-0.7939745783805847
-0.32767975330352783
0.30248117446899414
0.18447408080101013
-0.41163408756256104
-1.9834895133972168
-0.006101332604885101
-0.12018842995166779
0.26700976490974426
-0.5836441516876221
0.8106693029403687
0.34239962697029114
0.6932427883148193
0.024518582969903946
0.6583134531974792
-0.5190610289573669
0.28502100706100464
0.54346764087677
-0.35455599427223206
-0.24804110825061798
-0.6078031063079834
-0.41741085052490234
-0.29253605008125305
-0.2758634388446808
-0.4496876299381256
-0.0460115522146225
-0.0005064308643341064
0.4770944118499756
0.4468713402748108
-0.7149585485458374
0.8275665044784546
-0.47900518774986267
-0.19600924849510193
-0.21830999851226807
-0.3046538829803467
0.4878469705581665
0.8488485813140869
-0.2989753782749176
-0.31002378463745117
0.5037065744400024
-0.43939408659935
-0.8560859560966492
0.05915685370564461
0.6059249639511108
-0.12020383775234222
0.6184720396995544
0.9049873352050781
0.5156686305999756
0.795267641544342
0.17753390967845917
-0.3676665127277374
0.5668809413909912
-1.4730629920959473
-0.675494909286499
0.04639411345124245
-0.560235857963562
-0.1051497608423233
-0.6715341210365295
-0.2717513144016266
0.6374655961990356
0.6517674326896667
-1.5010905265808105
-0.010771021246910095
-0.2679678499698639
0.30636468529701233
0.222391277551651
0.17246797680854797
0.6034614443778992
-0.14100763201713562
0.17393361032009125
0.6887606382369995
-0.1884097456932068
0.6332857608795166
0.6552770137786865
0.3067239224910736
-0.15515367686748505
0.47511208057403564
0.04635953530669212
-0.5786614418029785
-0.5834501385688782
-0.27066460251808167
0.7915301322937012
-0.2589237689971924
-0.4801426827907562
-0.3746095597743988
-0.7231602072715759
-0.10566310584545135
-0.3161954879760742
-0.36719849705696106
-0.6308859586715698
-0.642694890499115
-0.36549073457717896
-0.3156000077724457
-0.07723639160394669
-0.28978627920150757
-0.38112780451774597
0.097159743309021
-0.04723641648888588
0.5180404782295227
-0.019117336720228195
0.5917074680328369
-0.6457156538963318
0.4660930633544922
-0.21778008341789246
-0.6111546158790588
0.838154673576355
-0.34981676936149597
0.2742261588573456
-0.4411264657974243
0.1346200704574585
0.07949736714363098
-0.5658732652664185
-0.777448832988739
-0.16848118603229523
-0.753387451171875
-0.2360948920249939
-0.4387781023979187
0.32189419865608215
-0.5387692451477051
0.25385087728500366
0.36326444149017334
-0.47081974148750305
-1.4935065507888794
-0.33785879611968994
0.1489676535129547
-0.13452668488025665
-0.14359702169895172
0.8141963481903076
0.6122710704803467
-0.09211593866348267
0.490161657333374
-0.34459373354911804
0.7159295082092285
-1.1577627658843994
-0.11209374666213989
-0.6427737474441528
0.03019070252776146
0.822472870349884
0.8105339407920837
-0.18556664884090424
0.016862723976373672
-0.7383648157119751
-0.5536128878593445
-0.46285152435302734
-0.519376814365387
0.8479878306388855
0.5213163495063782
0.08825615048408508
0.20792797207832336
-0.17033416032791138
-0.6455313563346863
-0.69382244348526
0.02875060960650444
-0.3169649839401245
-0.3261030614376068
-0.5137280225753784
-0.8680831789970398
-0.760574221611023
-0.6443221569061279
-0.5788487792015076
0.3275204300880432
0.44192278385162354
0.1835435926914215
0.001128263771533966
0.3498851954936981
0.0728607177734375
-0.03476743772625923
0.09265314042568207
-0.4079788625240326
-0.7674007415771484
0.6286007761955261
-0.14250627160072327
-0.12715549767017365
0.6506854891777039
0.7528837323188782
0.012624841183423996
0.6208202838897705
0.43957290053367615
0.4745495319366455
-0.22295568883419037
-0.07698790729045868
-1.056405782699585
0.08532342314720154
-0.7826138138771057
0.35298874974250793
0.5397883057594299
0.870100200176239
-0.08048270642757416
0.27444490790367126
-0.20785512030124664
0.783593475818634
0.23363980650901794
-0.14213573932647705
0.1917024701833725
-0.11874249577522278
0.06668184697628021
0.19781112670898438
0.0901004821062088
0.4978853464126587
0.5765718817710876
0.005524042993783951
-0.528715193271637
-0.30081719160079956
-0.31828880310058594
-0.08494307100772858
0.5000736117362976
-0.2294052541255951
0.6483471393585205
0.44621020555496216
0.6211565732955933
-0.17063018679618835
-0.13095618784427643
-0.29512450098991394
0.2366420030593872
-0.16800355911254883
-0.04815966263413429
-0.10888104140758514
0.012130822986364365
0.44595569372177124
-0.24636773765087128
-0.5201711654663086
-0.4391956031322479
0.28747856616973877
-0.15335769951343536
0.481323778629303
-0.13113541901111603
0.7148834466934204
-0.9806588888168335
-0.5696576833724976
0.2343735694885254
0.30250284075737
-0.34072554111480713
0.720559298992157
0.7280803322792053
-0.2243814319372177
0.4375574588775635
0.45718228816986084
0.7936983704566956
0.45093369483947754
-0.4668467342853546
-0.5173671245574951
0.4741150140762329
-0.2605964243412018
0.6947118639945984
-0.19248029589653015
0.5392869710922241
-0.1359352320432663
-0.15945178270339966
0.6399349570274353
0.8120701909065247
0.2364007532596588
-0.47945597767829895
-0.2818250358104706
-0.530117392539978
0.04571670666337013
-0.39641815423965454
-0.05153680965304375
0.05203087255358696
-0.6445081830024719
0.11107471585273743
-0.5570910573005676
-0.11626964807510376
-0.17916013300418854
-0.39744189381599426
0.7820937633514404
0.1645977646112442
0.4866243600845337
-0.1794562190771103
0.3631165623664856
-0.2569127678871155
0.22131240367889404
-0.19868110120296478
0.581797182559967
0.6961143612861633
0.12268944084644318
0.11425583064556122
-0.34333622455596924
0.04226245358586311
-0.21456821262836456
0.036532942205667496
-0.2021448165178299
0.3361550569534302
-0.3822292685508728
-0.6423423886299133
0.03564464673399925
0.26706352829933167
0.023063722997903824
0.1826135814189911
-0.18044719099998474
0.7985289692878723
0.17397189140319824
0.048261333256959915
-0.29751795530319214
-0.633048951625824
0.1395278424024582
-0.4760746359825134
-0.4825247526168823
0.8449668884277344
-0.23032014071941376
-0.03554293140769005
0.7728087306022644
-0.1862187385559082
-0.2332124561071396
-0.4638398289680481
-0.39902523159980774
-0.31535640358924866
0.05148526653647423
0.37719446420669556
-0.5248528122901917
0.29500558972358704
0.5198472142219543
-0.5477076768875122
0.6392576098442078
0.1945081502199173
-0.3898160755634308
0.2800636887550354
0.14263615012168884
-0.24984115362167358
0.818021297454834
-0.5567587018013
0.177707239985466
0.10114818811416626
-0.4789494276046753
0.5016610622406006
-0.35155755281448364
0.7580081820487976
0.7283052206039429
0.7561450600624084
0.8266739249229431
-0.3286720812320709
0.7131810784339905
0.7898804545402527
-0.39731258153915405
0.1864168643951416
-0.16346529126167297
0.17097118496894836
0.35755306482315063
-0.706125795841217
-0.10203830897808075
0.5837794542312622
-0.03876831755042076
-0.4362161159515381
-0.6344888210296631
-0.8654927611351013
0.29185751080513
-0.41804739832878113
0.16637539863586426
-0.469179630279541
-0.4721868634223938
0.20358580350875854
0.13696464896202087
-0.07633528113365173
-0.5028776526451111
-0.10074272751808167
0.3021281659603119
-0.4004659652709961
-0.5993823409080505
-0.21815529465675354
-0.5262028574943542
0.46746915578842163
-0.2275986671447754
-0.2774687707424164
-0.49529966711997986
-0.6487562656402588
-0.804408848285675
-0.32463616132736206
-0.13689981400966644
0.4126335680484772
0.05567151680588722
-0.6346961855888367
-0.022105153650045395
-0.4645532965660095
0.6836897730827332
0.6642593741416931
0.6849823594093323
0.09414596855640411
0.7143123149871826
0.582516074180603
0.04905569925904274
0.1978193074464798
-0.6302548050880432
0.2501908838748932
0.4354727864265442
-0.8376884460449219
0.7210021018981934
0.8193826675415039
-0.5803213715553284
-0.5251321196556091
-0.049073152244091034
-1.0799390077590942
0.686765730381012
-1.7376086711883545
-0.08622799813747406
-0.04476235434412956
0.6570044159889221
-0.011687848716974258
-0.16544987261295319
-0.7429645657539368
-0.43409761786460876
0.10151953995227814
-0.27218174934387207
-0.3223608732223511
0.38940173387527466
-0.030551448464393616
0.14358435571193695
-0.9409124255180359
0.07878755033016205
0.8447946906089783
0.21477976441383362
0.4780302047729492
-0.31387656927108765
-0.42511528730392456
0.19944298267364502
0.12136949598789215
-0.641646146774292
0.12641648948192596
-0.026384074240922928
-0.833200216293335
0.4329299330711365
0.275074303150177
0.20702558755874634
0.6326674818992615
0.24106115102767944
-0.5530248880386353
-0.14428968727588654
-0.2527375817298889
-0.06592811644077301
-0.337311714887619
-0.19821128249168396
0.28973057866096497
0.6692112684249878
-0.0907517820596695
0.29410821199417114
-0.5440157055854797
-0.18695592880249023
-0.237138032913208
-0.282449871301651
-0.4409812092781067
-0.11974442005157471
0.4968147277832031
0.12663261592388153
0.379806786775589
0.2825077772140503
-0.2709430158138275
-0.5754656791687012
-0.968050479888916
-0.211636021733284
0.8226916790008545
0.7721856832504272
0.5835928916931152
0.47045964002609253
-0.37575191259384155
-0.0751398503780365
-0.4605100750923157
-0.3312950134277344
-0.6899544596672058
0.13540159165859222
-0.008896298706531525
0.09325505793094635
0.6243794560432434
0.028055381029844284
0.36192360520362854
-0.40394002199172974
-0.4532538652420044
-0.6529093384742737
0.6246250867843628
-0.08719752728939056
0.722113311290741
-0.27457866072654724
0.5843374729156494
-0.2249026596546173
0.3686327338218689
0.7390949726104736
0.423639714717865
0.011858653277158737
-0.06555578112602234
-0.1968322992324829
0.062425944954156876
-1.4345407485961914
-0.3241666853427887
-0.124239981174469
-0.3658027648925781
0.4866746664047241
-0.8086863160133362
0.6751614809036255
-0.06137748807668686
0.5880520939826965
0.02657429501414299
0.48571711778640747
-0.5611781477928162
0.030386585742235184
-0.013109508901834488
-0.28763067722320557
-0.20720048248767853
-0.42345792055130005
0.09475652873516083
-0.571444034576416
0.5745394229888916
-0.692075252532959
-0.40728458762168884
0.004575181752443314
-0.2156384289264679
-0.7418138980865479
0.6619316339492798
-0.6675442457199097
0.6469423174858093
0.05890140309929848
-0.287762314081192
0.044067803770303726
-1.0517001152038574
-0.3634881377220154
-0.08034022897481918
0.4419771730899811
-0.561781108379364
0.1553332805633545
-0.08711189031600952
-1.2378872632980347
0.03159725293517113
-0.015865374356508255
-0.13701531291007996
-0.5875067710876465
-0.3735417127609253
-0.5522122383117676
0.21146291494369507
0.586999237537384
0.17824769020080566
-0.5752797722816467
0.4319847822189331
-1.19901704788208
0.36958861351013184
-1.441066861152649
-0.30541741847991943
0.40980392694473267
-0.2970206141471863
-0.4130091965198517
-0.054991625249385834
0.6861976385116577
-0.3001353442668915
-0.14783747494220734
-0.0437496118247509
0.6853164434432983
0.2602245807647705
-0.016586508601903915
-0.6862219572067261
0.24551641941070557
0.8043960928916931
0.6617860794067383
0.17905542254447937
0.3539976179599762
-0.4815252125263214
-0.4447454810142517
0.356924444437027
-0.14035630226135254
-0.1800917685031891
0.7262625098228455
-0.7132086157798767
0.10141761600971222
-0.014873277395963669
-0.35098814964294434
0.3375183641910553
-0.11954401433467865
0.5600253939628601
-1.1164013147354126
0.8716967105865479
0.239805668592453
0.7551475763320923
0.36299824714660645
-0.4661281108856201
0.4287410378456116
0.14841333031654358
-0.9268207550048828
-0.09591798484325409
-0.25269848108291626
-0.4029451906681061
-0.3945996165275574
0.6949101686477661
0.36100560426712036
-0.2828044891357422
-0.12540234625339508
