-0.23561353981494904
0.12122826278209686
0.6658946871757507
-0.41582995653152466
0.3171137273311615
0.5989274382591248
0.2740624248981476
0.7225220203399658
-0.005559105426073074
0.6978617906570435
0.8664224743843079
0.24941858649253845
0.4269791543483734
0.322937548160553
0.6244224905967712
0.5955597758293152
0.3614066243171692
-0.6114294528961182
0.6664860248565674
0.7013683319091797
0.7155285477638245
-0.1541399210691452
0.6289708614349365
0.12905296683311462
-0.3855774402618408
0.3840782940387726
0.6133391261100769
0.45247524976730347
0.6995714902877808
0.7886855006217957
0.29190894961357117
0.11902758479118347
0.679753303527832
-0.47186392545700073
0.6848623752593994
0.4130159616470337
0.2713085114955902
0.6473206877708435
0.41765516996383667
0.3348913788795471
-0.41025441884994507
0.6181194186210632
0.7687275409698486
0.8113847374916077
0.5714997053146362
0.6046004891395569
0.6751424074172974
0.5946451425552368
-0.05860016494989395
0.4060223698616028
0.5631805658340454
-0.6611970067024231
0.498140811920166
-0.22902187705039978
0.1826685070991516
0.10347194969654083
0.06816466152667999
-0.1769166886806488
0.5491025447845459
0.2109161913394928
0.17814551293849945
0.7133368253707886
0.43119168281555176
0.4577566981315613
0.7834924459457397
0.4186692237854004
0.43704953789711
0.7296690344810486
0.4977934956550598
0.6591063141822815
-0.42829227447509766
0.5891009569168091
0.36815953254699707
0.19578775763511658
-0.10191377997398376
-0.2025098204612732
-0.17785418033599854
0.6038100719451904
-0.09638403356075287
0.7258477210998535
0.7383124232292175
0.7108864188194275
0.4725905656814575
0.2915736436843872
-0.8302120566368103
0.6870331764221191
0.4170316755771637
0.6250395178794861
0.6306759119033813
0.608346164226532
0.37855616211891174
0.09626898169517517
-0.13057062029838562
0.09337341785430908
0.49748390913009644
-0.0903228372335434
-0.09644243121147156
-0.27483636140823364
0.7829194664955139
0.5982978940010071
0.6265774965286255
0.7966811656951904
0.7925041913986206
-0.23258598148822784
-0.4742586016654968
0.41845202445983887
0.7553246021270752
0.6971940994262695
0.27936604619026184
-0.1363237053155899
0.6644797921180725
-0.1543762981891632
0.6889069676399231
0.6762685179710388
0.7892423272132874
0.5082264542579651
0.629226803779602
0.6760902404785156
-0.6553210616111755
0.22440871596336365
0.14304712414741516
-0.04008612409234047
0.6740631461143494
0.6677908301353455
0.15720506012439728
-0.5824493169784546
0.6796991229057312
0.7053840160369873
0.20068854093551636
0.5255205035209656
0.7937738299369812
-1.0524933338165283
0.7653452157974243
0.8143728375434875
0.2871398329734802
0.622606635093689
0.6322738528251648
-0.2512627840042114
-0.43346256017684937
0.603517472743988
-0.5905013680458069
0.7616898417472839
0.7159850001335144
0.20875400304794312
-0.5098117589950562
0.6270416378974915
0.7558290362358093
0.5165871977806091
0.6837455034255981
0.5967854261398315
0.02714109793305397
0.4828643202781677
-0.27067989110946655
-1.4254978895187378
0.47709065675735474
0.6587035059928894
0.5681988596916199
0.3466666042804718
0.4433461129665375
-0.1163785308599472
-0.4542950987815857
0.7307397127151489
0.7056740522384644
-0.19761887192726135
0.4753064513206482
0.7930763363838196
0.47926759719848633
0.7629764676094055
0.1795986443758011
0.7207844257354736
0.7669784426689148
0.39707279205322266
0.43311160802841187
0.5987722873687744
0.33601197600364685
0.8017582893371582
0.6947238445281982
-0.07146234810352325
-0.5865151286125183
0.6048228740692139
0.694701075553894
0.30385681986808777
-0.506315290927887
0.6632698774337769
0.16162796318531036
0.3941546380519867
0.4439292848110199
0.08250248432159424
0.6622691750526428
-0.4313216209411621
0.668682873249054
0.7058016657829285
-0.43346256017684937
-0.2395734190940857
0.39340588450431824
0.2336297631263733
0.7175737023353577
0.06135905161499977
0.757156252861023
0.3332710564136505
0.37617889046669006
0.46988576650619507
0.3084200322628021
0.3367226719856262
0.38673901557922363
0.5994296073913574
0.7109401226043701
0.6512192487716675
0.42929747700691223
-0.1895049810409546
0.5722566246986389
0.6480653285980225
-1.2906668186187744
0.5114117860794067
-0.23768377304077148
0.7001457810401917
-0.18634316325187683
-1.1879384517669678
0.14457477629184723
0.28823748230934143
0.5953697562217712
0.685278594493866
-0.11916650831699371
-0.22473850846290588
0.690166711807251
0.11975601315498352
0.7432699799537659
0.03883073851466179
-0.9756575226783752
0.6952690482139587
0.17236101627349854
0.4319405257701874
0.2968931794166565
0.7387140393257141
0.7633451819419861
-1.718008279800415
-0.30260154604911804
-0.44510167837142944
0.5519437789916992
0.323397696018219
0.5810310244560242
-0.13784389197826385
0.7767793536186218
0.6537711024284363
0.7147212028503418
0.6191145777702332
0.7592312097549438
-1.028847575187683
-0.9143206477165222
0.6821373701095581
0.6258895397186279
0.6388705372810364
0.4644111394882202
0.6823374629020691
-1.3110357522964478
0.7072890400886536
-0.302016019821167
0.8331673741340637
0.6411737203598022
0.5993584394454956
0.8084093332290649
0.7014193534851074
0.5949622988700867
-0.14687231183052063
-0.03734647110104561
0.601767361164093
0.6540663838386536
0.12552616000175476
0.5859622955322266
0.5511819124221802
0.7134301662445068
-0.5898887515068054
0.8622284531593323
-0.07067963480949402
0.22539088129997253
0.6562843322753906
0.4918268918991089
0.685416579246521
0.5147650241851807
0.7249638438224792
0.452231228351593
0.5727574825286865
0.2773643732070923
0.4686090350151062
0.27854859828948975
0.1670617014169693
0.6426826119422913
0.5003112554550171
0.7467899918556213
-0.6601499319076538
0.30941376090049744
0.23484212160110474
-0.6752519011497498
0.6708188056945801
0.4151245653629303
0.4862409234046936
0.4125525653362274
0.778844952583313
0.436288982629776
0.13492664694786072
0.6715154051780701
0.7503030300140381
0.6341740489006042
-0.18145477771759033
-1.717616081237793
0.5627994537353516
0.19998851418495178
0.7533916234970093
0.7197154760360718
-0.03447939455509186
0.7189456820487976
0.5058473348617554
0.484038770198822
0.1322508156299591
0.18957656621932983
-0.009111668914556503
0.8684386014938354
0.06624235212802887
-0.03383020684123039
-0.9376208782196045
0.6503927707672119
-0.6457140445709229
0.7584316730499268
0.5471566915512085
0.11845707893371582
0.1873578429222107
-0.28443607687950134
0.6750558018684387
-0.1556978076696396
-0.012830261141061783
0.46734100580215454
0.7549093961715698
0.787780225276947
0.7270623445510864
0.6665611863136292
0.7080771327018738
0.8327590823173523
0.41715189814567566
-0.28969806432724
-0.7260058522224426
0.19716866314411163
0.6619639992713928
0.6653741598129272
0.7789714336395264
0.14691156148910522
0.40742966532707214
0.6744299530982971
0.7639201283454895
0.7141888737678528
0.17687538266181946
0.6213820576667786
0.704707682132721
0.6102312207221985
0.22803092002868652
0.7797242403030396
0.5412244200706482
0.6351674795150757
0.24936729669570923
0.7451936602592468
-0.16616679728031158
0.7843201756477356
0.6160135269165039
-0.12566247582435608
0.5171935558319092
0.6243248581886292
0.4520929455757141
0.5196822285652161
0.7629145979881287
0.5401811003684998
0.3478138744831085
-0.11778126657009125
0.41745302081108093
0.6130854487419128
0.5867100358009338
0.11914819478988647
0.7127094864845276
0.8047837615013123
0.718682587146759
0.8187122344970703
0.29573777318000793
0.5940593481063843
0.6945247054100037
-0.8954558968544006
-0.43479278683662415
0.18021231889724731
0.32306304574012756
0.23201707005500793
0.467589795589447
-0.22952911257743835
-0.20006029307842255
0.11632987856864929
0.23643949627876282
0.6199527978897095
0.6307313442230225
0.257144570350647
0.8171151280403137
0.6570229530334473
0.47625863552093506
0.43375933170318604
-0.40876859426498413
0.37516215443611145
0.3086739778518677
0.7498242855072021
0.5352835059165955
0.7195225954055786
0.7897631525993347
-0.8979804515838623
0.7555328011512756
-0.05777142941951752
0.14874723553657532
0.7445489764213562
0.7470430135726929
0.4790101647377014
-0.31413596868515015
0.33021610975265503
-0.03859688714146614
0.09198158979415894
0.49362874031066895
-0.17195463180541992
-0.3053564429283142
-0.012962408363819122
-0.45173075795173645
0.6550847887992859
0.6788300275802612
-0.16327695548534393
0.7419784665107727
-0.29509237408638
-0.029786545783281326
0.6124750375747681
0.613800585269928
0.5860551595687866
0.41187384724617004
0.5556079745292664
0.652051568031311
-0.09548245370388031
0.12467077374458313
0.02291252836585045
0.44874703884124756
-0.0019261650741100311
0.5267163515090942
0.6519861221313477
0.5296080112457275
0.38362830877304077
0.3491573929786682
-0.5849498510360718
-0.2621256411075592
0.6823512315750122
0.6341337561607361
0.6671052575111389
-1.635398507118225
0.5112126469612122
0.30448785424232483
0.6636340618133545
0.6023898124694824
-0.11751432716846466
0.31470417976379395
-0.06276880204677582
0.5663986802101135
0.8071586489677429
0.6131693124771118
0.55355304479599
0.5908427834510803
0.485700786113739
0.3496081829071045
0.7381314635276794
0.27428317070007324
0.3051997721195221
0.32342517375946045
-0.10564020276069641
-0.22427710890769958
0.07401436567306519
0.649163007736206
0.39149969816207886
0.10834258794784546
0.32546481490135193
0.4101887047290802
0.7548398971557617
0.66072016954422
-0.12095500528812408
0.7719159126281738
0.8536758422851562
0.7716941833496094
0.7707106471061707
0.6642999053001404
0.3511607050895691
-0.2828778028488159
0.3357454538345337
0.6230990290641785
0.6027414202690125
-0.12237624824047089
0.6323578953742981
0.3537118434906006
0.7610206604003906
0.5505521893501282
0.7897794842720032
0.6711685061454773
-0.29029345512390137
0.08416929841041565
0.3766409754753113
0.7014246582984924
0.35279330611228943
-0.041503459215164185
0.6392805576324463
0.6131286025047302
0.07655033469200134
0.7383589148521423
0.41588473320007324
-0.03075433522462845
-0.2150041162967682
-0.06586587429046631
-0.13914930820465088
0.25245100259780884
0.8040626049041748
0.6980606913566589
0.6897569894790649
-0.3059269189834595
-0.5480058789253235
0.4463876187801361
0.5278927087783813
-0.12033915519714355
0.6934565305709839
0.033318985253572464
0.4140319228172302
0.7216354608535767
0.7668171525001526
0.5330579280853271
0.38352635502815247
0.5719650387763977
-0.3340722322463989
0.6228434443473816
0.12919621169567108
0.808957576751709
-0.14712083339691162
0.241964191198349
0.3740159273147583
0.16932448744773865
0.7579618096351624
0.43431228399276733
0.632595419883728
-0.8589821457862854
0.37680965662002563
0.012468382716178894
0.5293629765510559
0.48744016885757446
0.7933830618858337
0.4439798593521118
0.5239208340644836
0.0877518355846405
0.4743348956108093
0.10967491567134857
0.6674669981002808
0.38049784302711487
0.76590496301651
0.7816730737686157
0.8261074423789978
0.009871024638414383
0.49364352226257324
0.47146594524383545
0.027270201593637466
0.6918320059776306
0.2805413007736206
0.11548727750778198
-0.29703831672668457
0.6325817108154297
0.6909471154212952
-0.7384284138679504
0.33057263493537903
0.10737015306949615
-0.052855733782052994
-0.1034441590309143
0.7255738377571106
-0.7613319754600525
0.5305067896842957
0.17997142672538757
0.05120206996798515
0.7131139636039734
0.837151288986206
0.30014583468437195
0.5796807408332825
-0.3277658224105835
-0.5074959993362427
0.3182719647884369
0.6723052859306335
0.7526043653488159
0.6697461009025574
-1.7542048692703247
0.7038426995277405
-0.3284159302711487
0.40240567922592163
-0.6013965606689453
0.7767462730407715
0.24233955144882202
0.7596434354782104
0.6360293030738831
0.43475469946861267
0.7753111720085144
0.4438633918762207
0.5957476496696472
0.17926368117332458
0.5163881778717041
0.4964151382446289
0.4855242967605591
0.35766273736953735
0.3380066156387329
0.6484068036079407
0.6233079433441162
0.676983118057251
0.7050213813781738
0.544823944568634
0.7844936847686768
0.8028478622436523
-0.5855267643928528
0.3708529770374298
0.4103480279445648
0.2263507843017578
0.41075849533081055
0.24499285221099854
-0.25276893377304077
0.5944100022315979
-0.4337453246116638
0.5750768184661865
0.23851516842842102
0.7597157955169678
0.5126644372940063
0.05150691792368889
0.6662255525588989
0.9068453907966614
0.47444581985473633
0.7844906449317932
0.5672850608825684
0.5799776911735535
0.5762342214584351
-1.6587553024291992
0.7628914713859558
0.6634274125099182
0.6773440837860107
0.6715551018714905
-0.20367221534252167
-0.7844692468643188
0.6588475108146667
0.5124985575675964
-0.4571697413921356
0.6590471863746643
0.0907202959060669
0.7956889271736145
0.6344050765037537
0.7191263437271118
0.4985118508338928
0.5570635795593262
0.14380961656570435
0.3098233938217163
0.5451647043228149
0.5257351994514465
0.6552770137786865
0.5405572056770325
0.06341952085494995
0.5343712568283081
0.5626464486122131
0.603813648223877
-0.6875183582305908
0.6902767419815063
0.5202633142471313
-0.004994846880435944
-0.40563440322875977
-0.22175875306129456
0.7971471548080444
0.683343231678009
-0.34391269087791443
-0.1613258570432663
0.14787784218788147
0.3101745545864105
0.3456012010574341
-0.07746536284685135
0.04315340891480446
0.20553824305534363
0.7322362661361694
0.6075537204742432
0.25580674409866333
0.3457953929901123
-0.4716932475566864
0.44292935729026794
0.6564905643463135
0.48646271228790283
0.7106711268424988
-0.07375705987215042
-0.10571573674678802
0.538676917552948
-0.30222970247268677
0.8217523097991943
0.6006715893745422
0.7272499799728394
-0.859632670879364
0.5698662400245667
0.6982396841049194
0.4440153241157532
0.6970359086990356
-0.32967305183410645
0.6692866683006287
0.6533040404319763
0.2557542622089386
-0.588330864906311
-0.5108619928359985
0.1343401074409485
0.8314217925071716
0.4364900588989258
0.1838119626045227
-0.3997325897216797
0.6936862468719482
0.6969510912895203
0.6765351295471191
0.7508770227432251
-0.48808929324150085
0.585963785648346
0.19874000549316406
0.7302088141441345
0.6231735944747925
-0.10503263026475906
0.6775479316711426
0.5938330292701721
-0.26586630940437317
0.8021828532218933
0.6090137958526611
-0.1574448049068451
0.3980339765548706
0.5034202933311462
0.7846491932868958
-0.08293446898460388
0.6220800280570984
0.5485424399375916
0.21947327256202698
0.5806190371513367
0.4297848343849182
0.18099123239517212
0.2997001111507416
0.013083349913358688
0.7402803301811218
-0.7111864686012268
-0.623999297618866
-0.6989613771438599
0.7341848611831665
0.1179497241973877
0.6890314817428589
0.6533002853393555
0.6549873948097229
0.46917301416397095
0.6123629808425903
0.602770984172821
0.5158579349517822
0.6886569261550903
-0.8705308437347412
0.6827547550201416
0.40300285816192627
0.2987012565135956
0.700110137462616
0.7802578806877136
-0.7101731896400452
0.45748370885849
0.32953402400016785
-0.7203382253646851
0.3710891902446747
-0.11780655384063721
0.6322946548461914
0.19442878663539886
0.672606885433197
0.7782464027404785
0.7474942207336426
0.7770954966545105
0.44278350472450256
0.708042562007904
0.6118902564048767
-0.8242285847663879
0.5464615821838379
0.03409523889422417
0.055382538586854935
-0.023965751752257347
0.6880478262901306
0.6359950304031372
-0.09129247069358826
0.6743568778038025
0.3098580837249756
-0.18998101353645325
0.692890465259552
0.13500721752643585
-0.13972021639347076
0.5663799047470093
0.7519212961196899
0.7543743848800659
0.4149453938007355
0.2578513026237488
0.13267162442207336
0.5417017340660095
0.44809845089912415
0.7668721079826355
0.12501831352710724
0.23890435695648193
0.6505493521690369
0.7607569098472595
0.8229846358299255
0.38578808307647705
0.42460545897483826
0.7496798038482666
-0.31895214319229126
0.30889853835105896
0.6871518492698669
0.5735127925872803
0.37874773144721985
0.5396769642829895
-0.8054092526435852
-0.09114738553762436
0.628569483757019
0.18052329123020172
-0.2770920991897583
0.7652289867401123
-0.39958757162094116
0.6736534833908081
0.6742235422134399
0.34702470898628235
0.7674657702445984
0.05788223817944527
0.5033830404281616
0.6074662208557129
-0.052142977714538574
0.1691746562719345
0.12902574241161346
0.5895742177963257
0.24021339416503906
0.5787807106971741
0.5873101353645325
0.362924188375473
0.056897442787885666
0.7149838209152222
-0.3465591073036194
0.012520808726549149
0.6379441618919373
0.7961969971656799
0.8606387376785278
0.056655336171388626
0.6521000862121582
0.5432301759719849
0.6590589284896851
0.4584369659423828
0.7651727795600891
0.1694759875535965
0.13351786136627197
0.7358828186988831
0.4876602292060852
0.29854094982147217
0.7414080500602722
0.31636738777160645
0.6448763608932495
0.3858151435852051
-0.23636478185653687
0.4942687153816223
0.3402513861656189
-0.06396433711051941
0.8225082755088806
-0.6934441328048706
0.22872963547706604
0.5747979283332825
0.7633776068687439
0.2713722884654999
0.8723910450935364
0.40518832206726074
-0.20476889610290527
0.6931973695755005
0.6318013668060303
0.2941089868545532
-0.00822419673204422
0.5074765682220459
0.7778868675231934
0.07121151685714722
0.6675478219985962
0.23546481132507324
-0.5836613178253174
-0.4747352600097656
0.6506946682929993
0.006211206316947937
0.5346878170967102
0.6136768460273743
0.7443759441375732
0.2191435992717743
-0.9594805836677551
0.7089269757270813
0.7055565714836121
0.3297426700592041
0.011049371212720871
-0.2841081917285919
0.6600690484046936
0.6904763579368591
0.27234774827957153
0.200547456741333
-0.6655517220497131
0.7235329151153564
0.2129981517791748
0.575713574886322
-0.8183064460754395
0.029365170747041702
0.47630423307418823
0.7879784107208252
0.6718299388885498
0.038304779678583145
0.5415054559707642
-0.38520628213882446
-0.9476209878921509
-0.7684646844863892
-0.299961119890213
0.3107054531574249
0.5868918299674988
0.8340266942977905
0.670016348361969
0.6513023376464844
0.6134997010231018
-0.28306227922439575
0.5910172462463379
0.5910698175430298
0.2724842429161072
0.5850790739059448
0.5979269742965698
-0.35349559783935547
-0.12064968049526215
-0.023931166157126427
0.6389495730400085
0.8295646905899048
-0.22479122877120972
0.6925585865974426
0.7205438613891602
0.6496145129203796
0.02862178161740303
-0.15897250175476074
0.8881373405456543
0.6333912014961243
0.7642238140106201
-1.1680691242218018
-0.5361953973770142
-0.6837272644042969
0.05856316164135933
-0.24925093352794647
0.31134170293807983
0.4452919065952301
0.822899341583252
-0.11965519189834595
0.5654969811439514
-0.8966764211654663
0.8939173817634583
0.5336325168609619
0.7327151894569397
0.040145765990018845
0.4376722276210785
0.5907331109046936
0.62384033203125
0.7280160784721375
0.28558841347694397
0.7630130052566528
0.7076054215431213
0.0047996677458286285
-0.9417693018913269
0.4591926336288452
0.5739954710006714
0.6739857196807861
-0.056046050041913986
-0.3284023702144623
-0.38759320974349976
0.41273951530456543
-1.773817777633667
0.5275465846061707
0.7874505519866943
0.8186706900596619
0.08499222993850708
-0.04545892775058746
-0.10439445078372955
0.7480038404464722
-1.1044299602508545
-0.2453918159008026
0.6546879410743713
0.6387011408805847
0.44975903630256653
-0.2855865955352783
0.5514482259750366
0.6805598139762878
0.642528772354126
0.48892802000045776
0.06423111259937286
0.23999899625778198
0.7349063158035278
-0.28309279680252075
0.7299211621284485
0.37636303901672363
0.6416847109794617
0.10358558595180511
0.3230575919151306
0.5600016713142395
0.5553714036941528
0.6274721622467041
-0.13888216018676758
0.566888153553009
-0.32233503460884094
0.5652136206626892
0.47779303789138794
0.6067097783088684
0.6617718935012817
0.6030330657958984
-0.6089392900466919
0.6721783876419067
-0.2492658942937851
-0.18391668796539307
-0.37932294607162476
-0.06904727220535278
0.023168224841356277
0.5765749216079712
0.3886394500732422
0.6829982995986938
0.16508838534355164
0.34845900535583496
0.5690940022468567
0.7167953252792358
0.4341413080692291
0.7599272727966309
-0.987413763999939
-0.29404929280281067
0.8131901621818542
0.6095435619354248
-0.016363244503736496
0.06183672323822975
0.5769838094711304
0.41613590717315674
-1.1709595918655396
0.4503509998321533
0.42020267248153687
-0.8171734809875488
0.8751981258392334
0.32828766107559204
0.262199342250824
0.4573540687561035
0.16786204278469086
-0.3499910235404968
-0.30056139826774597
0.815671980381012
0.586662232875824
0.7237452864646912
0.53642338514328
-0.04900078848004341
0.7301626205444336
0.5081272721290588
-0.33112865686416626
0.6233693957328796
0.5816887021064758
0.6433717012405396
0.4897022843360901
-0.6282042264938354
0.6477801203727722
0.17125742137432098
0.42554330825805664
0.7390949726104736
0.45541834831237793
0.6723901033401489
0.7052184343338013
0.5834636688232422
0.2711651027202606
-1.1081777811050415
-0.10531961917877197
0.31686845421791077
0.7406964302062988
0.5562544465065002
0.7177645564079285
0.25108975172042847
0.1648668348789215
-0.299213707447052
0.399395227432251
0.6425660252571106
0.20849335193634033
0.7538592219352722
-0.0732576921582222
0.34408944845199585
0.6154401302337646
0.6990012526512146
-0.5268406271934509
0.568061351776123
0.41815710067749023
-0.34515640139579773
0.598344624042511
0.5836459994316101
0.7359685301780701
-0.5687578320503235
0.27755972743034363
0.12670153379440308
0.7279731035232544
0.4516677260398865
0.6955487132072449
-0.03169647231698036
0.6314185857772827
0.5998950004577637
0.656012237071991
0.007146421819925308
0.7665676474571228
0.11585317552089691
0.1537865400314331
-1.3561549186706543
0.0653999000787735
0.6389843225479126
0.2862805128097534
0.36363282799720764
0.6446102261543274
-0.17021004855632782
0.3109634816646576
0.6868374943733215
0.5606486201286316
0.4601697325706482
0.4955037236213684
0.133032888174057
0.8166125416755676
0.6799587607383728
-1.3278565406799316
-0.12541866302490234
-0.2810268700122833
0.2972423732280731
0.6255401372909546
0.6831241846084595
-1.0396438837051392
0.24124720692634583
-1.0489846467971802
0.5039646625518799
0.24118086695671082
0.7314451336860657
-0.6671907305717468
0.6241788268089294
0.5642698407173157
0.12942011654376984
0.5763698816299438
-0.8025180697441101
0.6295511722564697
0.670292317867279
0.5442044138908386
0.2721802294254303
0.6007692813873291
0.7268274426460266
0.43189746141433716
0.5735455751419067
0.6572948098182678
0.4149951636791229
0.6057827472686768
-0.24861840903759003
0.7426977753639221
-1.0162032842636108
0.6925198435783386
0.6617130637168884
-0.40607383847236633
0.730289876461029
0.7322059869766235
0.505915105342865
0.10185284912586212
0.5828172564506531
0.057613175362348557
-0.2022159844636917
0.23580798506736755
0.7786053419113159
0.7111235857009888
0.21532580256462097
-0.21409182250499725
0.7105464935302734
