-0.8765175342559814
-1.07701575756073
-0.530918538570404
-0.46610769629478455
-0.7580786943435669
-0.8182219862937927
-0.8578572869300842
-0.8748002648353577
-0.8678402304649353
-1.0835731029510498
-0.9744881391525269
-0.5485303401947021
-0.7445084452629089
-0.7657924890518188
-0.5709758400917053
-0.7858462929725647
-1.0707820653915405
-1.745902180671692
-0.8566235303878784
-1.1108942031860352
-1.0314764976501465
-0.7688600420951843
-0.44512373208999634
-1.4552268981933594
-0.5954180955886841
-0.9324070811271667
-1.0851994752883911
-1.0261226892471313
-1.1648988723754883
-1.022915244102478
-1.1893818378448486
-0.7579026818275452
-1.1773542165756226
-0.4025861918926239
-0.862524688243866
-0.9534087777137756
-0.7614877223968506
-0.8109307885169983
-0.8682869672775269
-0.36745741963386536
-0.4463065266609192
-0.8093525767326355
-1.0170480012893677
-0.6145486235618591
-0.6814613342285156
-0.47479358315467834
-0.7669495344161987
-1.1169160604476929
-0.8818278908729553
-1.101076364517212
-0.9262726306915283
-1.0085294246673584
-0.9648197293281555
-0.9059386253356934
-0.6575008630752563
-0.7049238681793213
-1.028599739074707
-1.0831559896469116
0.09909841418266296
-0.818148672580719
-0.7055450081825256
-0.8355761170387268
-1.3425469398498535
-0.29611408710479736
-0.3776715397834778
-0.7678169012069702
-1.2733503580093384
-0.7771055102348328
-0.7244851589202881
-0.7873982787132263
-0.33445319533348083
-0.11297488212585449
-0.6597951650619507
-0.5843494534492493
-0.8542934656143188
-0.542530357837677
-0.7861452102661133
-0.6983687877655029
-1.0546222925186157
-0.2612437605857849
-0.5211614370346069
0.05633370950818062
-1.2364282608032227
-0.9000391960144043
-0.8643643856048584
-0.8402960896492004
-1.2434624433517456
-1.0229419469833374
-0.40074896812438965
-0.45751041173934937
-1.1330171823501587
-0.7806270122528076
-0.9587777853012085
-1.0948855876922607
-0.625006377696991
-0.7294107675552368
-0.9690521955490112
-0.9482649564743042
-1.0904276371002197
-0.6984474062919617
-0.7771438956260681
-0.8603510856628418
-1.0312288999557495
-0.5985506772994995
-1.1501823663711548
-1.0984139442443848
-0.9686817526817322
-0.9511476159095764
-0.02759045921266079
-0.9379466772079468
-0.9789445400238037
-1.1462384462356567
-0.5199362635612488
-1.159782886505127
-0.8951467871665955
-0.8829715847969055
-0.9466899633407593
-1.102242112159729
-1.3343545198440552
-1.0274224281311035
-0.683594822883606
-1.033464789390564
-1.1647294759750366
-0.8175923824310303
-0.41015535593032837
-1.2586894035339355
-0.5244451761245728
-0.8856945037841797
-1.0621365308761597
-0.49575865268707275
-1.0180002450942993
-1.0159488916397095
-0.7257030010223389
-0.997657835483551
-0.8364137411117554
-0.9946243762969971
-0.6239656805992126
-0.0932355672121048
-0.4512186050415039
-0.8423216342926025
-0.5313047766685486
-1.170616865158081
-0.8252684473991394
-1.036513328552246
-1.1878769397735596
-0.5536831021308899
-0.8301038146018982
-0.6959836483001709
-0.6788156628608704
-0.9107836484909058
-0.8869858980178833
-0.5619186758995056
-0.4727085828781128
-1.9925764799118042
0.577528178691864
-0.9447411894798279
-1.4190845489501953
-1.0838571786880493
-0.8177980780601501
-0.6956601738929749
-1.4564365148544312
-1.3527607917785645
-0.6684362888336182
-0.8832237124443054
-0.6583250164985657
-0.7762913107872009
0.5344231128692627
-1.1755770444869995
-0.9932875037193298
-0.2709333598613739
-1.3791215419769287
-1.1493130922317505
-1.03157639503479
-0.31027886271476746
-1.0769329071044922
-1.0841015577316284
-0.17593041062355042
-1.401458740234375
-1.308266282081604
-1.0347789525985718
-1.3366796970367432
-1.324034333229065
-0.7166074514389038
-1.0051419734954834
-1.1901417970657349
-1.0954431295394897
-1.0235395431518555
-1.2315492630004883
-1.2375742197036743
-0.6163723468780518
-1.2943228483200073
-0.10404658317565918
-0.8218978643417358
-0.07290992140769958
-1.1296641826629639
-0.39075779914855957
-0.5675168037414551
-0.5531957149505615
-0.9213864207267761
-0.4289591908454895
-0.9936060309410095
-0.9925235509872437
-0.7813416123390198
-0.996167004108429
-1.1477453708648682
-1.114808201789856
-0.48230910301208496
-1.2969368696212769
-0.9647614359855652
-0.510307252407074
-0.5991824269294739
-0.8662441968917847
-1.2482815980911255
-1.1216713190078735
-1.2016125917434692
-0.2938448488712311
-0.7585974931716919
-0.6541832089424133
-0.8577106595039368
-0.575167715549469
-0.616629421710968
-1.4569512605667114
-0.9948931336402893
-0.5929468870162964
-1.0576125383377075
-1.1138867139816284
-1.3086060285568237
-1.0833559036254883
-1.6108909845352173
-1.0632175207138062
-0.9631484150886536
-0.8942490220069885
-1.129975438117981
-1.051478385925293
-1.0190403461456299
-1.287872314453125
-0.7434436678886414
-0.6205776333808899
-1.1345860958099365
-1.013906717300415
-0.19882994890213013
-0.6570590138435364
-0.24144083261489868
-0.9838923215866089
-1.1933852434158325
-0.9448496103286743
-1.0054017305374146
-0.7138411998748779
-1.018427848815918
-0.9955776333808899
-1.0221723318099976
-1.0474896430969238
-1.0991264581680298
-1.1771750450134277
-0.6319672465324402
-0.8338884115219116
-0.6248939633369446
-0.9216216206550598
-0.05247657373547554
0.4267881512641907
-1.126753330230713
-0.5277674794197083
-0.6189664006233215
-1.2812230587005615
-0.5631852746009827
-1.1625488996505737
-1.037811517715454
0.15180659294128418
-0.3317897915840149
-0.8709664940834045
-0.9484478235244751
-0.7984556555747986
0.2279268503189087
-0.7062812447547913
-0.44082847237586975
-0.3016971945762634
-1.0685018301010132
-1.196428894996643
-0.7607187628746033
-1.0149431228637695
0.3327847719192505
-1.140246033668518
-1.0031589269638062
-1.1961567401885986
-1.2582600116729736
-0.3256940543651581
-1.0672000646591187
-0.9106737375259399
-1.1430341005325317
-1.0764955282211304
-1.1529022455215454
0.057650793343782425
-1.2557755708694458
-0.44790881872177124
-0.870943009853363
-0.47866377234458923
-0.5979907512664795
-0.2588624060153961
-1.0913468599319458
-1.019167184829712
-0.42505019903182983
-0.7852796912193298
-0.1646943837404251
-1.467590093612671
-1.0025831460952759
-1.149316430091858
-0.7962409853935242
-0.7202056050300598
-1.1162607669830322
-0.9107258915901184
-0.7776494026184082
-0.5398946404457092
-0.5445318818092346
-0.6476365923881531
-1.0766139030456543
-1.1482552289962769
-1.160814881324768
-1.1689996719360352
-1.622194766998291
-1.5456210374832153
-1.1285054683685303
-1.5633989572525024
-0.9709365963935852
-0.8371884822845459
-0.23444852232933044
-0.9654967188835144
-0.9376347064971924
-1.1281746625900269
-0.9487698674201965
-0.7294833660125732
-0.5648131966590881
-1.2166029214859009
0.12071630358695984
-0.7939432859420776
-1.0814396142959595
-0.8124096989631653
-1.104532241821289
-1.0429086685180664
-0.9441931843757629
-0.9329190850257874
-1.623534917831421
-0.08863227069377899
-0.18342475593090057
-1.122841238975525
-0.747816264629364
-0.8366239070892334
-0.6223329305648804
-0.8399844765663147
-0.39464449882507324
-1.202933430671692
-1.2134151458740234
-0.7233289480209351
-1.024402379989624
-2.2934324741363525
-1.1530139446258545
-1.9790302515029907
-1.2535337209701538
-0.4266643226146698
-0.3246835470199585
-0.6299406886100769
-0.7686890959739685
-1.127413272857666
-1.1145026683807373
-0.6479173898696899
-0.7991140484809875
-0.49919429421424866
-1.0585699081420898
-0.9522660970687866
-0.19909191131591797
-1.4318053722381592
-1.2864456176757812
-1.0687814950942993
-0.7161481976509094
-1.2570085525512695
-1.018090009689331
-0.9660139083862305
-1.7185730934143066
-0.8839283585548401
-1.1827785968780518
-0.5282860994338989
-0.9549627900123596
-0.20836009085178375
-0.9311853051185608
-1.2438561916351318
-0.49958282709121704
-0.5735524296760559
-0.6927378177642822
-1.11264967918396
-0.6848402619361877
-1.4420158863067627
-0.930722177028656
-0.8614819049835205
-0.7410361170768738
0.11609354615211487
-1.629866123199463
-0.8997980952262878
-1.0885233879089355
-1.095748782157898
-0.3645489513874054
-0.6349756121635437
-1.1850080490112305
0.38544464111328125
-1.1151185035705566
-1.215441346168518
-0.676138699054718
-0.8880450129508972
-1.366464376449585
-0.8519318699836731
-0.6874446272850037
0.37616878747940063
-0.25852543115615845
-0.8367730975151062
-0.8181522488594055
-1.1209355592727661
-0.8337005376815796
-1.1211421489715576
-0.5013537406921387
-0.6345583200454712
-0.8513955473899841
-1.2076280117034912
-0.9041256904602051
-0.9664562940597534
-0.44929274916648865
-1.2222938537597656
-0.7697352170944214
-1.4570908546447754
-0.32582682371139526
-0.9465535879135132
-1.1349815130233765
-0.41189509630203247
-0.6161272525787354
-0.441267728805542
-0.6780555248260498
-0.5384734869003296
-0.6140426397323608
-0.8818408846855164
-1.041773796081543
-0.7773938775062561
-0.8090412020683289
-0.8954324126243591
-0.6202554106712341
0.5451610684394836
-0.6771453619003296
-0.8797299265861511
-0.5289745330810547
-0.9076672792434692
-1.1344612836837769
-0.7148893475532532
-1.1264097690582275
-0.902316689491272
-1.116389274597168
-0.7754326462745667
-0.775044858455658
-0.8502970337867737
-0.9314150214195251
-0.7370744347572327
-0.9711830019950867
-0.9560604095458984
-1.1275887489318848
-0.814604640007019
-0.71621173620224
-0.8287776112556458
-0.6464489102363586
-0.7239415645599365
-0.957555890083313
-0.9141557812690735
-0.8443276286125183
-1.1908718347549438
-0.8764535188674927
-0.8394449353218079
-0.6137608885765076
-0.47863802313804626
-0.26515311002731323
-1.1730517148971558
-1.021613597869873
-0.9660571217536926
-1.1413366794586182
-1.1008291244506836
-1.79462730884552
0.10389897227287292
-0.6397775411605835
-0.7696019411087036
-0.640231728553772
-0.8060622811317444
-1.0607481002807617
-0.46948346495628357
0.6722391843795776
-1.110492467880249
-0.6622195839881897
-0.31872129440307617
-1.1836127042770386
-0.5734146237373352
-0.794906497001648
-1.1161218881607056
-1.0834593772888184
-1.3079808950424194
-0.7592006325721741
-1.0074294805526733
-0.73670494556427
-1.00934898853302
-1.0725687742233276
-1.0697771310806274
-0.5015658140182495
-0.6541875600814819
-1.0961129665374756
0.42312172055244446
-0.5760105848312378
-0.2672783136367798
-0.5836790204048157
-0.41205328702926636
-0.22450372576713562
-1.0162781476974487
-0.8586914539337158
-1.0262525081634521
-1.1839405298233032
-1.165493369102478
-0.8152052164077759
-0.7519498467445374
-0.9778314828872681
-0.3793623745441437
-0.6328487992286682
-0.07429276406764984
-1.1475380659103394
-0.7571291327476501
-0.7626685500144958
-0.9753931164741516
-0.9845508933067322
-0.41804713010787964
-1.0778790712356567
-1.1944646835327148
-1.0081747770309448
-0.43156498670578003
-0.8298593163490295
-0.8182373642921448
-0.8727924227714539
-1.0265564918518066
-1.031514048576355
-0.5762589573860168
-1.019121766090393
-1.4749476909637451
-1.1611907482147217
-0.7131566405296326
-0.6207873225212097
-0.45543718338012695
-0.6577430367469788
-0.6722338795661926
-1.0215367078781128
0.097519651055336
-1.061143398284912
-0.8323399424552917
-0.9496989846229553
-0.21490567922592163
-1.011925458908081
-1.107652187347412
-0.7682710289955139
-1.1681956052780151
-1.0356107950210571
-0.5213145613670349
-1.1480932235717773
-0.9172223210334778
-1.1532598733901978
-0.7989421486854553
-0.8061470985412598
-1.004664421081543
-0.8933464884757996
-1.4229458570480347
-1.424311876296997
-0.021532956510782242
-0.8603034019470215
-0.9279689192771912
-0.7185904383659363
-0.2442634552717209
-0.3734338581562042
-0.7815309166908264
-0.7613217234611511
-1.1637483835220337
-1.1557992696762085
-0.8172083497047424
-0.7386670112609863
-0.34847521781921387
-1.2806874513626099
-0.6515925526618958
-0.9634069800376892
-1.2914576530456543
-1.1206578016281128
-1.3713270425796509
-1.1573634147644043
-1.1505848169326782
-0.6035640239715576
-0.9113879799842834
-1.0859673023223877
-1.007259726524353
-0.4399959444999695
-0.7470763325691223
-0.8050832152366638
-1.0278033018112183
-0.6585621237754822
-0.9373852014541626
-1.2895938158035278
-0.9151157736778259
-0.5510962009429932
-0.49022939801216125
-0.5707931518554688
-0.9572808146476746
-1.0349231958389282
-0.5715962052345276
-0.7550631165504456
-1.1349624395370483
-0.8906366229057312
-0.6352704763412476
-0.8732895851135254
-1.0321706533432007
-1.2316540479660034
-0.08030389249324799
-1.2258728742599487
-1.0030020475387573
-1.5326452255249023
-1.0736439228057861
-1.0517394542694092
-1.1212844848632812
-1.1676850318908691
-0.5513883233070374
-1.3905277252197266
-0.35181304812431335
-0.9393578171730042
-1.1391944885253906
-1.119884729385376
-1.1127538681030273
-0.7814182639122009
-0.9206684827804565
-0.9352086782455444
-0.9969711899757385
-0.9829005002975464
-1.0752921104431152
0.6339796185493469
-0.5773109197616577
-0.9715209007263184
-0.9576284289360046
-0.9240341782569885
-0.07779466360807419
-0.34457147121429443
-0.9808576703071594
-0.02649383619427681
-1.1292507648468018
-0.14880117774009705
-0.7535886764526367
-0.29782605171203613
-0.7091347575187683
-0.877147376537323
-0.7981449365615845
-0.9972593188285828
0.10329136252403259
-1.4194673299789429
-1.073883056640625
-1.045549988746643
-0.45050424337387085
-0.48689955472946167
-0.8807233572006226
-1.1244441270828247
-1.1446624994277954
-0.6030114889144897
-1.244889736175537
-1.120574951171875
0.75135338306427
-0.8408467769622803
-1.0909467935562134
-1.2700183391571045
-0.7822078466415405
-1.087592601776123
-1.2263938188552856
-0.33091169595718384
-1.5601091384887695
-0.9476971626281738
-0.9367467761039734
-1.0810284614562988
-1.1673457622528076
-1.5172317028045654
-0.35891464352607727
-0.7687610983848572
-0.6423042416572571
-0.7300880551338196
-1.1132278442382812
-1.1776537895202637
-0.9631194472312927
-0.5358079075813293
-0.9971966743469238
-0.9440141916275024
-1.2359647750854492
-0.3328724801540375
-0.7517102360725403
-1.1169888973236084
-0.8932352066040039
-0.3325473666191101
-0.6873927116394043
-1.2817338705062866
-0.6600024104118347
-0.8476758003234863
-0.9192689061164856
-0.8837514519691467
-1.1457979679107666
-1.1468784809112549
-0.9660426378250122
-1.090051293373108
-0.9866682291030884
-1.0227214097976685
-0.9265153408050537
-1.1361756324768066
-1.174794316291809
-0.7492931485176086
-0.6683251857757568
-0.3057749271392822
-1.0231401920318604
-0.7172738313674927
-1.0643913745880127
-1.1809465885162354
-1.0506619215011597
-0.7146660685539246
-0.9051340818405151
-1.2983124256134033
-0.02064286544919014
-1.1097415685653687
-0.7528089284896851
-0.3305889368057251
-0.4449331760406494
-0.7680044770240784
-1.070674180984497
-0.8376284241676331
-0.7188175320625305
-0.34874698519706726
-0.9785155057907104
-0.4729897975921631
-1.0604268312454224
-1.0593388080596924
-0.6305473446846008
-0.9442932605743408
-1.0822199583053589
-1.0064404010772705
-0.6618971228599548
-0.664462149143219
-0.7024750113487244
0.24986976385116577
-1.3102779388427734
-1.3554210662841797
-0.2800375819206238
-1.02567458152771
-0.7532533407211304
-1.0886046886444092
-0.747698187828064
-0.8524788618087769
-0.3215407729148865
-1.0822482109069824
-0.5967472791671753
-0.8083550333976746
-0.5102639198303223
-0.6682541370391846
-0.7169641256332397
-0.7267436385154724
-0.5426989197731018
-0.43857523798942566
-0.7687621712684631
-0.7647408246994019
-1.1719729900360107
-0.4730956554412842
-0.35755813121795654
-0.9953916668891907
-1.2602617740631104
-1.2233891487121582
-0.6679344773292542
-0.985075056552887
-1.283044695854187
-0.730826199054718
-1.1534786224365234
-0.9247080683708191
-0.7938702702522278
-0.5686280131340027
-1.173376441001892
-0.015551280230283737
-1.0741926431655884
-0.5215673446655273
-1.2773237228393555
-1.0310728549957275
-1.099479079246521
-0.6619431972503662
-0.9898739457130432
0.09892144799232483
-0.7601979374885559
-0.48533564805984497
-0.6183595061302185
-1.3527132272720337
-0.7622809410095215
-0.8688371777534485
-0.1415516585111618
-1.0689542293548584
-1.0768790245056152
-0.5951999425888062
-0.358781635761261
-1.146456003189087
-0.7404767274856567
-0.9930874705314636
0.021939363330602646
-0.3384815752506256
-1.148895502090454
-1.1531492471694946
-0.7935157418251038
-0.8271951675415039
-0.669185221195221
-1.1700599193572998
-0.811204731464386
-1.0274760723114014
-0.9912226796150208
-0.33272331953048706
-0.0565263032913208
-1.1489832401275635
-1.0931373834609985
-0.9529107213020325
-0.937992513179779
-0.5635256171226501
-1.095093011856079
-0.6815495491027832
-0.5455489158630371
-0.7874705791473389
-0.5996857285499573
0.002196967601776123
-0.6635371446609497
-0.6723321676254272
-1.2446973323822021
-0.4290257692337036
-0.5528342723846436
-0.5787696838378906
-0.8042082190513611
-0.9752683043479919
-0.44659942388534546
-1.0293216705322266
-0.9460003972053528
-0.4250693619251251
-1.4549131393432617
-0.5677632689476013
-0.9504842162132263
-0.7981364727020264
-0.6452129483222961
-0.7474761009216309
0.34697186946868896
-0.42262953519821167
-0.9512748122215271
-0.662225067615509
-0.8115439414978027
-0.9036272764205933
-0.8246060013771057
-0.9929829835891724
-1.0288888216018677
-0.9163760542869568
-0.7225703001022339
-0.9715294241905212
-1.0819225311279297
-0.5409903526306152
-0.9199311137199402
-0.8027351498603821
-0.48835229873657227
-1.0724610090255737
-0.9708081483840942
-0.9730489253997803
-1.1460012197494507
-0.9981414079666138
-0.7664680480957031
-1.2083476781845093
-0.20704422891139984
-0.9382939338684082
-0.7148566246032715
-1.2280024290084839
-0.5168245434761047
-0.8344671726226807
-0.3431822955608368
-0.517615795135498
-0.8771046996116638
-0.8445677161216736
-0.9167254567146301
-0.8559682369232178
-0.3781709671020508
-0.7520623803138733
-0.4509601891040802
-1.0615029335021973
-1.574641227722168
-0.7650465965270996
-1.0483801364898682
-0.3181205093860626
-0.922301709651947
-1.0759333372116089
-0.12892727553844452
-0.5776292681694031
-1.4374256134033203
-0.6194854974746704
-1.0239864587783813
-0.9890293478965759
-1.4179081916809082
-1.0699498653411865
-0.9738205075263977
-0.6651741862297058
-0.1743927299976349
-0.7730893492698669
-0.8407837748527527
-0.8804821968078613
-0.7404850125312805
-1.1556050777435303
-0.9265608191490173
-1.1372880935668945
-1.403549313545227
-0.9080155491828918
-0.13172829151153564
-1.0523631572723389
-1.1638741493225098
-0.9868417382240295
-0.8923044800758362
-0.6266613602638245
-0.07021661102771759
-0.7735368609428406
-1.0538743734359741
-0.42355796694755554
-0.9039718508720398
-0.25416290760040283
-1.3466300964355469
-0.5611172914505005
-0.9587095379829407
-0.4464148283004761
-1.0864994525909424
-1.098950743675232
-0.8599212169647217
0.16191452741622925
-0.6627331972122192
-0.7770954370498657
-1.301917552947998
-0.8658137917518616
-0.7572391033172607
-1.1294764280319214
-0.6233896017074585
-0.8799194693565369
-0.18480731546878815
-0.7569441199302673
-0.7186822891235352
-0.646484911441803
-1.2185418605804443
-1.0519369840621948
-1.0048036575317383
-1.3198585510253906
-0.900131106376648
-1.0316369533538818
-0.9038212299346924
-0.8010695576667786
-1.3786356449127197
-1.10817551612854
-0.5922622680664062
-1.1575833559036255
-0.9282926917076111
-1.1840749979019165
-1.2613433599472046
-0.9809162020683289
-1.3836208581924438
-1.407789945602417
-1.1508848667144775
-0.9507389664649963
-0.6571846604347229
-0.4070836305618286
-0.2958674430847168
-0.9962067008018494
-1.1272180080413818
-0.2942315936088562
-1.2689586877822876
-0.5714123249053955
-0.7767474055290222
-1.0971413850784302
-1.050183653831482
-1.1110588312149048
-0.8421368598937988
-0.7690466642379761
-1.156983733177185
-1.0200910568237305
0.1931520253419876
-1.1179919242858887
-1.0433236360549927
-0.6804394721984863
-0.5979424118995667
-0.913913369178772
-0.7265200018882751
-1.0337729454040527
-1.1275818347930908
-1.0326106548309326
-0.9925523400306702
-0.7229745984077454
-1.6598060131072998
-1.316971778869629
-0.5784704685211182
-0.9523894786834717
-0.9134129881858826
-1.1983709335327148
-0.8424234390258789
-0.9331599473953247
-1.3727915287017822
-0.48245522379875183
-0.8017411231994629
-0.392817884683609
-0.9657663702964783
-0.8200849890708923
-1.93976891040802
-0.3549673855304718
-0.7258318066596985
-0.9720073342323303
-1.0126821994781494
-0.9859581589698792
-1.1998505592346191
-1.016428828239441
-0.8811835050582886
-1.3522727489471436
-1.158510684967041
-0.5457054376602173
-1.0143200159072876
-0.31045928597450256
-1.019841194152832
-0.525581955909729
-0.6985605359077454
-1.3611321449279785
-0.8079524636268616
-0.8801975846290588
-1.6201200485229492
-0.4609767198562622
-0.4486951231956482
0.31707191467285156
-0.9903135299682617
-0.578925609588623
-1.127736210823059
-1.2701261043548584
-1.0494489669799805
-0.4975382089614868
-0.9363182187080383
-0.9090314507484436
-0.9641825556755066
-0.7669853568077087
-0.7985710501670837
-0.8887608647346497
-0.35951748490333557
-0.9878397583961487
-0.9420731663703918
-1.2542541027069092
-0.9983028769493103
-0.6812852621078491
-0.7483075857162476
-0.7547706365585327
-0.7102682590484619
-0.968596875667572
-0.05796631798148155
-0.4127746820449829
-1.427957534790039
-1.0879696607589722
-0.7068889141082764
-0.029164668172597885
-0.7495414614677429
-0.7174941897392273
-0.4374094009399414
-0.5482926368713379
0.6194650530815125
-1.2671713829040527
-0.862199604511261
-1.2792037725448608
-1.052941083908081
-1.9669241905212402
-0.3122425079345703
-0.7154444456100464
-0.1293192058801651
-1.0232696533203125
-0.8531854748725891
-1.371669888496399
-0.6740766763687134
-0.8798845410346985
-0.911838710308075
-0.9806764721870422
-0.7643263936042786
-0.9479588866233826
-0.5287573933601379
-0.8930027484893799
-1.0465890169143677
-0.8510268330574036
-0.3810626268386841
-0.6926423907279968
-0.4993683099746704
0.20416489243507385
-1.0348550081253052
-0.7111523747444153
-1.2497451305389404
-0.36751165986061096
-1.0442612171173096
-1.227135419845581
-1.1013360023498535
-1.2515326738357544
-0.9633261561393738
-0.8953362107276917
-1.0352823734283447
-0.696628987789154
-0.4887205958366394
-1.5260604619979858
-0.40611106157302856
-0.7247704267501831
-0.6262141466140747
-1.044008731842041
-0.900549590587616
-0.02578473463654518
-0.8966407775878906
-0.23420284688472748
-0.9292146563529968
-0.9012936353683472
-0.764014482498169
-1.5940316915512085
-1.0764466524124146
-1.564016342163086
-0.9763430953025818
-0.8538129329681396
-0.29867252707481384
-1.1501754522323608
-0.5764413475990295
-0.2606317698955536
-0.39079198241233826
-1.14098060131073
-1.0708956718444824
-0.8837591409683228
-1.0085670948028564
-0.17776772379875183
-0.8072741627693176
-0.1742636263370514
-1.249232292175293
-0.7593150734901428
-0.8594952821731567
-1.0001296997070312
-1.0175464153289795
-0.4788331389427185
-0.9555906653404236
-0.5362988710403442
-0.44153478741645813
-0.8488788604736328
-0.778208315372467
-0.6197627782821655
-1.205122709274292
-1.0208865404129028
-0.5803706049919128
-1.7668375968933105
-1.2028915882110596
-1.3195582628250122
-1.4749562740325928
-0.6518377661705017
-1.2385368347167969
-1.0395466089248657
-0.7535624504089355
-0.34738171100616455
-0.382760226726532
-1.0557059049606323
-0.8731940388679504
-0.47791510820388794
-0.9677668213844299
-0.8105326890945435
-0.6370469927787781
-0.14578288793563843
-0.9358147382736206
-1.0157470703125
