-0.9731966853141785
-1.1285426616668701
-0.8182827830314636
-0.900613009929657
-0.8033578991889954
-1.0484204292297363
-1.0898948907852173
-0.8636062741279602
-0.8455384373664856
-1.1099343299865723
-1.1698704957962036
-1.0400301218032837
-1.2799162864685059
-1.0573292970657349
-1.2661436796188354
-2.1320695877075195
-0.8894598484039307
-1.2252625226974487
-0.9458666443824768
-0.9533103704452515
-1.1240030527114868
-1.0193753242492676
-0.7755043506622314
-1.1492919921875
-0.9986167550086975
-0.8149732351303101
-1.2087664604187012
-0.8965999484062195
-1.0048922300338745
-1.0343499183654785
-1.167738437652588
-1.1859581470489502
-1.099448323249817
-0.8686519265174866
-0.9280919432640076
-0.9323678612709045
-1.1276471614837646
-0.8561369776725769
-1.0758452415466309
-1.0455716848373413
-0.9167750477790833
-1.2141348123550415
-0.9021598696708679
-1.0519909858703613
-0.8559197187423706
-1.0279624462127686
-0.8597676157951355
-1.026032567024231
-1.1667156219482422
-1.2776411771774292
-0.9596788883209229
-1.0122348070144653
-1.0415637493133545
-0.8141673803329468
-1.1136761903762817
-1.0792094469070435
-1.1020889282226562
-1.0851750373840332
-1.188669204711914
-0.9890638589859009
-1.1258504390716553
-0.9472705721855164
-0.7408888339996338
-0.8091347217559814
-1.2276304960250854
-0.8479848504066467
-0.7587619423866272
-0.9707554578781128
-0.9970553517341614
-1.2788000106811523
-1.076646327972412
-1.1367454528808594
-1.0215871334075928
-0.9411126375198364
-1.065260648727417
-0.8701758980751038
-1.0360147953033447
-1.0659843683242798
-0.9794763922691345
-1.040668249130249
-1.0808207988739014
-1.0833781957626343
-1.2105357646942139
-0.8255873322486877
-0.8971114754676819
-1.111840009689331
-1.1109745502471924
-0.9271782040596008
-0.8464382290840149
-0.8552151322364807
-1.487711787223816
-0.9595516920089722
-1.1202454566955566
-0.7302544713020325
-0.9510852694511414
-1.124018669128418
-0.823342502117157
-1.156781792640686
-1.1917812824249268
-1.3026094436645508
-0.9444054365158081
-1.0973320007324219
-1.194713830947876
-0.9189113974571228
-1.1606584787368774
-1.1055867671966553
-0.9360660910606384
-1.1170085668563843
-0.7369930148124695
-0.889591634273529
-1.0211127996444702
-1.1568567752838135
-1.045211672782898
-0.7196040749549866
-0.7869254946708679
-0.9705009460449219
-1.0488485097885132
-0.9925782084465027
-1.3873668909072876
-0.7194635272026062
-0.8361924290657043
-0.7943888306617737
-0.8292500972747803
-0.8798344731330872
-1.024374008178711
-1.0086315870285034
-1.0105464458465576
-1.0379352569580078
-0.9753314852714539
-1.0993672609329224
-1.0043302774429321
-0.8228102326393127
-1.1882926225662231
-1.0808634757995605
-1.1527252197265625
-1.0531421899795532
-0.6970967054367065
-1.0236531496047974
-1.0605504512786865
-1.1561812162399292
-0.7875625491142273
-1.0964338779449463
-1.1334092617034912
-1.0468732118606567
-1.0955886840820312
-1.0320590734481812
-0.782146692276001
-0.8346810936927795
-0.7805492877960205
-0.9657909870147705
-0.9273707270622253
-0.9559062123298645
-0.8433361649513245
-1.0021116733551025
-1.0381662845611572
-1.211999773979187
-1.0300712585449219
-1.1680909395217896
-1.14357590675354
-0.9856036901473999
-1.20787513256073
-0.926753044128418
-1.0117017030715942
-1.0860031843185425
-1.041205644607544
-1.169944405555725
-1.0833083391189575
-0.9957132935523987
-0.805176317691803
-1.0130308866500854
-0.7356875538825989
-0.8666476607322693
-1.1282778978347778
-0.9166958928108215
-0.8392341732978821
-1.166620135307312
-1.1239981651306152
-1.0572627782821655
-0.8900654911994934
-1.2532254457473755
-1.064234972000122
-1.1598539352416992
-0.8677418828010559
-1.2997812032699585
-0.8398850560188293
-1.2328886985778809
-0.9872145056724548
-0.9567459225654602
-1.095391035079956
-1.1765397787094116
-1.0402644872665405
-0.8359882235527039
-1.0605504512786865
-0.9478356242179871
-0.8653137683868408
-1.2543020248413086
-1.2611584663391113
-0.923741340637207
-0.9382794499397278
-1.4460065364837646
-1.091477394104004
-1.0309011936187744
-1.0402698516845703
-0.7072911262512207
-1.0414586067199707
-1.161095380783081
-1.1393442153930664
-0.9753908514976501
-0.8194184899330139
-0.9744310975074768
-0.9697511792182922
-1.0318324565887451
-1.2691928148269653
-1.1586384773254395
-0.8627977967262268
-1.2846834659576416
-1.0890181064605713
-1.0180442333221436
-1.0113900899887085
-0.8474445343017578
-1.1008481979370117
-1.6101263761520386
-0.8659732937812805
-0.7091410160064697
-1.2269186973571777
-1.1767833232879639
-1.2387443780899048
-0.8456725478172302
-1.1521579027175903
-1.04452383518219
-1.1801151037216187
-1.1073758602142334
-1.365319848060608
-1.0090445280075073
-0.9619204998016357
-1.13288152217865
-0.9514437913894653
-1.241668462753296
-0.9621594548225403
-0.9644723534584045
-1.0137072801589966
-1.0433236360549927
-1.0874906778335571
-0.8908686637878418
-1.0427775382995605
-1.074121356010437
-1.1715185642242432
-1.1447755098342896
-1.2108734846115112
-0.9590854048728943
-1.0299811363220215
-0.9973750114440918
-0.9849110841751099
-1.075084924697876
-1.1836398839950562
-1.079624056816101
-1.130843162536621
-0.9381913542747498
-0.8262600898742676
-1.1904003620147705
-0.9754266142845154
-1.06116783618927
-0.8501185178756714
-1.191361904144287
-0.8849806785583496
-1.1024985313415527
-1.1105650663375854
-1.0800708532333374
-1.1452986001968384
-1.03556489944458
-1.2198214530944824
-0.6519618630409241
-1.052679181098938
-0.9218094348907471
-1.2180144786834717
-0.8920593857765198
-1.0212122201919556
-0.9299405217170715
-0.9815996885299683
-0.9494436383247375
-1.1732993125915527
-0.8012098670005798
-1.1462589502334595
-1.0793589353561401
-1.0277173519134521
-0.8743352293968201
-1.220693588256836
-0.7749943137168884
-0.910504162311554
-0.9580410718917847
-1.0884791612625122
-0.8801694512367249
-0.9744932055473328
-1.3878107070922852
-1.0951104164123535
-1.0643171072006226
-1.1680232286453247
-1.1489906311035156
-0.8537445068359375
-1.197441816329956
-1.0995581150054932
-1.0098638534545898
-0.748146116733551
-1.0175697803497314
-1.8714932203292847
-0.9415510892868042
-1.0453016757965088
-0.9922192692756653
-0.9304645657539368
-1.0895702838897705
-0.8570913076400757
-1.1047427654266357
-1.0569177865982056
-1.3028689622879028
-1.0104360580444336
-1.2020490169525146
-1.0453904867172241
-1.1799753904342651
-1.1484825611114502
-1.422928810119629
-1.1333708763122559
-0.9727033972740173
-0.9506226181983948
-0.8974476456642151
-0.90152907371521
-0.8777684569358826
-1.2489969730377197
-0.9493892192840576
-1.2515573501586914
-1.2356462478637695
-0.7230174541473389
-1.031162142753601
-0.8561611771583557
-1.112563133239746
-1.2539944648742676
-1.1790039539337158
-0.9051863551139832
-1.1517959833145142
-0.78022700548172
-1.0313265323638916
-0.9690386056900024
-1.3010247945785522
-1.2868214845657349
-1.0774115324020386
-1.0150983333587646
-1.0099483728408813
-0.9743114113807678
-1.0417381525039673
-0.9724934101104736
-1.1880866289138794
-1.005816102027893
-0.9416798949241638
-0.9001918435096741
-1.0004462003707886
-1.1935720443725586
-1.1558536291122437
-1.2031174898147583
-0.9239756464958191
-0.9348576664924622
-0.9891458749771118
-0.9624497294425964
-1.0098850727081299
-1.2609726190567017
-0.8884321451187134
-1.0618951320648193
-1.10408616065979
-1.1928424835205078
-0.8641086220741272
-1.0316276550292969
-0.8723415732383728
-0.9372796416282654
-1.082304835319519
-1.1159392595291138
-0.993858277797699
-0.8316215872764587
-0.8315897583961487
-0.9245076179504395
-0.8354595303535461
-1.0617761611938477
-1.016564130783081
-0.9958640933036804
-1.1984320878982544
-0.7952655553817749
-1.0187422037124634
-1.2407824993133545
-0.8051987290382385
-0.8029747009277344
-0.8761046528816223
-1.0048539638519287
-1.0447677373886108
-0.6946104764938354
-1.061679720878601
-0.9171226620674133
-1.3119866847991943
-1.5096418857574463
-1.7439457178115845
-0.9719070196151733
-0.9230625629425049
-0.8766136169433594
-0.9345818161964417
-1.1449323892593384
-1.169435977935791
-1.3131685256958008
-1.1899363994598389
-1.0425891876220703
-1.1997883319854736
-1.0453928709030151
-1.0453035831451416
-0.9231480956077576
-1.06231689453125
-0.9835131764411926
-0.7039706707000732
-1.1107831001281738
-1.1526150703430176
-2.403536796569824
-0.9739898443222046
-1.01743745803833
-1.1350452899932861
-1.1087160110473633
-0.9472987055778503
-1.0839836597442627
-0.8642113208770752
-1.198610544204712
-1.0169918537139893
-1.0933434963226318
-1.1503554582595825
-1.1107200384140015
-0.8311433792114258
-0.974616527557373
-0.9007782340049744
-1.32454252243042
-1.1247029304504395
-1.1048517227172852
-1.126572847366333
-1.098724603652954
-1.0996390581130981
-0.7062205076217651
-1.1183453798294067
-0.9379320740699768
-1.0903551578521729
-1.065838098526001
-1.0785486698150635
-1.3332854509353638
-1.056739091873169
-0.8566080927848816
-1.0718607902526855
-1.0677287578582764
-0.9571014642715454
-1.1058710813522339
-1.0525100231170654
-0.9204126596450806
-1.0952571630477905
-0.9359102845191956
-0.970748782157898
-0.7685217261314392
-0.812000572681427
-1.0730551481246948
-0.9580227136611938
-1.221666693687439
-0.8776764869689941
-0.8544058203697205
-0.8842393159866333
-1.1741902828216553
-1.0864741802215576
-0.8934413194656372
-0.9856627583503723
-1.1006040573120117
-0.9787079095840454
-1.2818902730941772
-1.1825275421142578
-0.778226912021637
-1.1882113218307495
-0.9437390565872192
-0.9561519026756287
-1.1516753435134888
-0.9234628677368164
-1.0423518419265747
-1.2319289445877075
-1.0015230178833008
-1.2299392223358154
-1.095839262008667
-0.7790732383728027
-1.023903250694275
-0.8039920926094055
-1.289365530014038
-0.924896240234375
-1.0405850410461426
-0.8454622030258179
-1.0887877941131592
-0.7754915952682495
-1.1288471221923828
-1.101198673248291
-1.118660569190979
-1.2440595626831055
-1.0983089208602905
-1.251580834388733
-0.8766646981239319
-0.8931075930595398
-0.9386252164840698
-1.1151392459869385
-1.0635093450546265
-1.181891679763794
-0.8209781646728516
-1.0718443393707275
-1.060610055923462
-1.192826509475708
-1.01045560836792
-1.2129167318344116
-1.0176931619644165
-1.0720117092132568
-0.845089852809906
-0.9779072403907776
-1.056678295135498
-0.6763023734092712
-1.3862568140029907
-0.8335402607917786
-0.6736853718757629
-0.9773966670036316
-0.971746563911438
-0.9702904224395752
-1.1071724891662598
-0.9485149383544922
-1.0309282541275024
-1.10941481590271
-1.0154434442520142
-1.0683473348617554
-1.1608705520629883
-1.0313550233840942
-1.167783260345459
-1.0796016454696655
-1.0581315755844116
-0.819354772567749
-1.0113645792007446
-1.1203535795211792
-0.9695858359336853
-0.8832054138183594
-1.069323182106018
-1.3335975408554077
-1.1253836154937744
-0.8419222235679626
-0.8490983843803406
-0.9546740651130676
-0.8751670718193054
-1.093139886856079
-1.009073257446289
-1.1299457550048828
-1.071431279182434
-0.926030695438385
-1.0638350248336792
-1.0631744861602783
-0.9715960621833801
-0.93071049451828
-0.8962060213088989
-1.003631353378296
-1.1341487169265747
-0.990914523601532
-1.0354971885681152
-0.8271783590316772
-1.3154016733169556
-0.8985063433647156
-1.0353080034255981
-1.0557341575622559
-1.0112489461898804
-0.929916262626648
-1.0959776639938354
-1.1912076473236084
-0.9576117396354675
-0.8358603119850159
-1.2135761976242065
-0.9762266874313354
-0.6460713744163513
-1.099885106086731
-1.0835680961608887
-1.0311923027038574
-1.1714388132095337
-1.1400883197784424
-1.2107508182525635
-0.9615876078605652
-0.8917144536972046
-1.0134220123291016
-1.1599931716918945
-0.876442015171051
-1.26848566532135
-1.0796306133270264
-0.8790729641914368
-1.218667984008789
-0.8608730435371399
-1.1276966333389282
-1.1443681716918945
-0.8605341911315918
-1.0456520318984985
-0.917995274066925
-0.8604937791824341
-1.138197898864746
-1.303055763244629
-1.0968544483184814
-1.050266981124878
-1.199241280555725
-1.1111185550689697
-0.7609372735023499
-1.0209593772888184
-0.6168236136436462
-1.3272820711135864
-0.9923348426818848
-1.1430230140686035
-1.1448891162872314
-1.2052778005599976
-0.9512374401092529
-0.7995939254760742
-0.9582852125167847
-0.7454468011856079
-1.0678168535232544
-1.0225751399993896
-1.1322675943374634
-0.9978132843971252
-1.2269905805587769
-0.9806873798370361
-0.8388853669166565
-1.1849884986877441
-1.2583472728729248
-1.1142202615737915
-1.1417139768600464
-0.837414562702179
-1.0218777656555176
-0.7750022411346436
-0.901035487651825
-1.2842832803726196
-0.9936325550079346
-0.738585352897644
-1.1025948524475098
-1.2491395473480225
-1.1659810543060303
-1.2597661018371582
-1.0369858741760254
-1.1475749015808105
-0.8332628011703491
-1.1011399030685425
-0.6722084879875183
-0.9611683487892151
-1.1133586168289185
-1.0435787439346313
-1.0469086170196533
-0.8514084219932556
-1.1072074174880981
-1.0157406330108643
-1.0436793565750122
-0.9888081550598145
-1.1667832136154175
-0.8148332834243774
-1.0711034536361694
-1.2762031555175781
-1.056827425956726
-1.0065447092056274
-0.8582218289375305
-0.9640629887580872
-1.0946333408355713
-0.8471066951751709
-0.847985029220581
-0.9469956755638123
-0.9634726047515869
-1.0242987871170044
-0.8377837538719177
-0.9369654059410095
-0.8617163300514221
-1.0275535583496094
-1.0505415201187134
-0.9493025541305542
-0.869549036026001
-1.3781139850616455
-1.122403860092163
-0.9449202418327332
-1.1215753555297852
-0.9709289073944092
-0.8852109313011169
-0.9792018532752991
-1.0968679189682007
-1.0566511154174805
-0.8928621411323547
-0.947553813457489
-1.0334184169769287
-0.9789990186691284
-1.0357108116149902
-1.1214141845703125
-1.1769694089889526
-0.9392431378364563
-0.9522250890731812
-1.0047780275344849
-0.8368771076202393
-1.0669318437576294
-0.8677578568458557
-1.1895133256912231
-1.1649819612503052
-0.9258700609207153
-1.2599536180496216
-1.2220908403396606
-1.0518949031829834
-0.7156281471252441
-1.2536393404006958
-0.9860180020332336
-0.9532477855682373
-1.1634968519210815
-1.0652098655700684
-1.0489614009857178
-1.3110995292663574
-0.9382496476173401
-0.8175731301307678
-1.1790438890457153
-0.9557057619094849
-0.841996431350708
-0.8943737745285034
-0.8146579265594482
-0.9641931056976318
-0.6971797347068787
-1.2874265909194946
-1.0488840341567993
-1.0193997621536255
-1.06379234790802
-0.9549965858459473
-1.0501840114593506
-1.1341838836669922
-1.1065810918807983
-1.2104078531265259
-0.958509087562561
-0.9445711970329285
-0.9517032504081726
-0.8788137435913086
-0.7693581581115723
-1.0606772899627686
-1.2370960712432861
-0.8233911395072937
-0.8043950200080872
-0.9244151711463928
-1.1876786947250366
-0.9624900817871094
-0.9179938435554504
-1.0174436569213867
-1.0136080980300903
-0.8496332764625549
-0.9616923928260803
-0.9331287741661072
-1.240187406539917
-1.1148205995559692
-0.8963367342948914
-1.0961084365844727
-0.9256089329719543
-0.7852085828781128
-0.8873609304428101
-1.0204142332077026
-0.9727873206138611
-1.1291284561157227
-1.0513592958450317
-0.9891077280044556
-0.8876911401748657
-1.0092670917510986
-1.3224705457687378
-0.9219549894332886
-0.9273999929428101
-1.2193313837051392
-1.2358101606369019
-0.9635757803916931
-0.8784723877906799
-1.1767547130584717
-1.0917505025863647
-0.9713389277458191
-0.7583588361740112
-1.041412115097046
-1.1169519424438477
-1.2595657110214233
-1.0500011444091797
-0.9915565252304077
-1.175058364868164
-1.093524694442749
-0.9232290387153625
-1.2043156623840332
-1.0519444942474365
-0.9874081015586853
-0.8759260177612305
-1.2556949853897095
-1.0599623918533325
-0.9862629771232605
-1.1078237295150757
-0.9858712553977966
-0.9619167447090149
-0.7880001068115234
-1.2691476345062256
-1.0132416486740112
-0.9314468502998352
-1.0608561038970947
-0.9494988918304443
-0.8688871264457703
-0.7700187563896179
-1.1755341291427612
-0.7732478380203247
-0.865243136882782
-1.0813487768173218
-1.3174599409103394
-1.055674433708191
-0.8999683260917664
-0.7402535676956177
-1.1941591501235962
-1.0549119710922241
-0.9161806702613831
-0.9058893918991089
-1.2009488344192505
-1.028839111328125
-0.9231810569763184
-1.1333467960357666
-1.0625003576278687
-0.9683361053466797
-1.1176693439483643
-0.9756864905357361
-0.9624995589256287
-1.0636436939239502
-1.0293374061584473
-1.1104769706726074
-1.1767903566360474
-1.1287267208099365
-0.9563378691673279
-0.8657986521720886
-1.179764986038208
-0.9729506373405457
-1.1394996643066406
-0.9679365158081055
-1.2572340965270996
-0.903864860534668
-1.081478476524353
-1.073491096496582
-1.0892326831817627
-0.9255408048629761
-0.9867739081382751
-0.9683420658111572
-0.8964644074440002
-1.0428169965744019
-1.0936375856399536
-1.0075805187225342
-1.2325495481491089
-1.2740569114685059
-0.8177983164787292
-1.132643222808838
-1.0876388549804688
-1.2141019105911255
-0.9965686202049255
-0.9707421064376831
-0.8660002946853638
-0.8336640000343323
-1.0659189224243164
-1.1337947845458984
-1.1197465658187866
-0.9227225184440613
-1.016050934791565
-0.8170347213745117
-1.1901624202728271
-0.8965871930122375
-1.1329138278961182
-1.116973638534546
-1.0124075412750244
-1.6236369609832764
-0.9007604122161865
-1.0667400360107422
-1.0472126007080078
-0.8149561882019043
-1.2901086807250977
-1.150120496749878
-0.8720402717590332
-1.410610556602478
-0.9664111733436584
-0.8784996867179871
-1.0707149505615234
-0.9757292866706848
-1.3036794662475586
-1.051669955253601
-1.0477397441864014
-1.0193384885787964
-1.1649852991104126
-0.9841378927230835
-0.8392534852027893
-0.976928174495697
-1.0385187864303589
-1.0715866088867188
-0.9970541596412659
-0.8509036898612976
-1.2135344743728638
-0.8013070225715637
-0.9564216732978821
-0.9386250376701355
-1.1996357440948486
-0.7062138319015503
-1.2809786796569824
-1.1111072301864624
-0.9656856060028076
-1.085326910018921
-1.023733139038086
-1.1138362884521484
-1.038141131401062
-0.9576382040977478
-0.8568850755691528
-1.71759831905365
-0.970681369304657
-0.8219034075737
-1.1239391565322876
-0.6187168955802917
-0.892678439617157
-1.0740786790847778
-0.9893328547477722
-0.8165693879127502
-1.1362617015838623
-0.8253573179244995
-0.8418968319892883
-1.3082115650177002
-1.0509002208709717
-0.8561980128288269
-0.8647212386131287
-0.8397327661514282
-1.3739267587661743
-0.9580923318862915
-1.0413682460784912
-1.065115213394165
-1.0784765481948853
-1.1402757167816162
-0.9103042483329773
-0.8742756247520447
-0.8981414437294006
-1.0992213487625122
-1.2404690980911255
-1.0499392747879028
-1.1174986362457275
-1.1136020421981812
-1.0106154680252075
-0.9300732016563416
-1.2636078596115112
-0.9983686208724976
-1.2345587015151978
-1.1676764488220215
-0.8871166706085205
-1.0930812358856201
-1.0804051160812378
-0.6408748626708984
-1.0738476514816284
-0.7775117754936218
-0.8745421767234802
-1.090379238128662
-0.9635800123214722
-0.783659815788269
-1.213758111000061
-1.000510573387146
-0.8754390478134155
-0.928318977355957
-0.8730373978614807
-0.935329020023346
-1.042335033416748
-1.0697441101074219
-0.9118624329566956
-1.2583155632019043
-1.0811651945114136
-0.788054883480072
-0.9877565503120422
-0.9973108768463135
-0.7695022225379944
-1.1836509704589844
-0.7278251647949219
-1.1161696910858154
-0.8828297257423401
-1.6679316759109497
-2.076967477798462
-0.9589763879776001
-0.603742778301239
-1.0894215106964111
-1.1990916728973389
-1.1614888906478882
-0.7246946096420288
-1.2328698635101318
-1.0435371398925781
-0.8543837666511536
-1.07613205909729
-1.1794042587280273
-0.9330902695655823
-1.0075912475585938
-1.1621217727661133
-1.0342198610305786
-0.9714091420173645
-0.704083263874054
-0.9265123009681702
-0.9006929397583008
-0.92691570520401
-0.8639530539512634
-0.927594780921936
-1.9988356828689575
-0.9947955012321472
-1.226939082145691
-0.8906218409538269
-1.2162744998931885
-0.8352420330047607
-1.3262113332748413
-0.9793447852134705
-1.16716468334198
-0.8690387606620789
-0.9569915533065796
-1.0149588584899902
-1.2535302639007568
-1.0111242532730103
-0.8646618723869324
-1.032939076423645
-0.8675981760025024
-0.8014551997184753
-1.238818883895874
-0.6581490635871887
-0.9826515913009644
-1.0475921630859375
-0.9265856146812439
-1.0135831832885742
-0.8020917773246765
-0.7141033411026001
-1.1863425970077515
-0.9662157297134399
-0.9935712218284607
-1.0733129978179932
-0.8968102335929871
-1.1641721725463867
-1.1606976985931396
-1.0199559926986694
-0.7023676633834839
-1.020944595336914
-0.9071417450904846
-0.9613482356071472
-0.8120712637901306
-1.170818567276001
-0.6790517568588257
-0.6636142134666443
-2.2021148204803467
-1.0782270431518555
-0.6203319430351257
-0.9270481467247009
-1.00441312789917
-1.0650373697280884
-1.0437190532684326
-0.907831072807312
-1.0022598505020142
-1.2435370683670044
-1.0370250940322876
-0.8812445402145386
-1.5474014282226562
-1.0498961210250854
-0.7917289137840271
-0.8475491404533386
-0.8821821808815002
-1.0866624116897583
-1.0375765562057495
-0.9543660879135132
-0.9977995157241821
-0.9459885358810425
-1.0808022022247314
-1.094717025756836
-1.1694145202636719
-0.9974984526634216
-1.000920295715332
-0.9503163695335388
-1.09617280960083
-0.8363361954689026
-1.0003998279571533
-0.9890491962432861
-0.9485514163970947
-1.0353641510009766
-1.0836678743362427
-1.1355416774749756
-1.109936237335205
-0.8724973201751709
-0.9048410654067993
-0.8066014051437378
-1.0015439987182617
-1.0791674852371216
-1.0003386735916138
-0.9199069738388062
-0.8826952576637268
-0.717544674873352
-0.7879619598388672
-1.127496361732483
-0.8102219700813293
-0.950508177280426
-0.9025388360023499
-1.2813458442687988
-1.070797085762024
-1.155444860458374
-0.8371322154998779
-1.010219931602478
-1.0670802593231201
-0.9748332500457764
-1.1675575971603394
-1.0855764150619507
-0.8980236649513245
-1.182235836982727
-0.9714391231536865
-1.087556004524231
-0.8813809156417847
-0.9559696912765503
-0.8576380610466003
-1.0556871891021729
-1.1800681352615356
-1.3298978805541992
-0.8022249341011047
-0.9098568558692932
-0.9809610843658447
-1.04914128780365
-1.1402325630187988
-0.949552059173584
-0.9620563983917236
-1.0762360095977783
-0.9160259962081909
-1.067906379699707
-1.194779872894287
-1.007604718208313
-0.954533040523529
-0.9512872099876404
-0.9640390276908875
-0.8120414614677429
-0.9470195174217224
-1.1373755931854248
-0.8176862597465515
-0.8567091822624207
-1.2467460632324219
-1.1232554912567139
-0.6798789501190186
-0.928105890750885
-0.8770849704742432
-1.1410490274429321
-1.1259849071502686
-0.8437939286231995
-1.0720324516296387
-0.9524163007736206
-1.0083341598510742
-0.8821466565132141
-0.925028383731842
-0.8900958895683289
-0.9748429656028748
-1.107487440109253
-0.9260064959526062
-1.0395172834396362
-1.0092225074768066
-0.8088558912277222
-1.026130199432373
-0.9688670635223389
-0.9270027875900269
-1.1665518283843994
-2.249223232269287
-1.1168917417526245
-1.004407525062561
-0.6861414313316345
-0.9548087120056152
-0.8140802979469299
-1.1000449657440186
-0.9523637294769287
-1.1248517036437988
-0.9072229862213135
-1.0757570266723633
-0.8698552250862122
-0.837141752243042
-1.087152123451233
-0.7316228747367859
-1.2378523349761963
-1.0861841440200806
