-0.8229895830154419
-1.0021448135375977
-0.8275036215782166
-0.868122398853302
-0.9742352962493896
-0.8293355703353882
-0.8040937781333923
-0.7643161416053772
-0.49109622836112976
-0.8536415696144104
-0.9699295163154602
-1.1276837587356567
-1.421616554260254
-0.9225737452507019
-0.8889158368110657
-1.9117400646209717
-1.0738054513931274
-0.7270157933235168
-0.7448107004165649
-0.9170473217964172
-0.8297035098075867
-1.0037453174591064
-1.0581097602844238
-0.9254810214042664
-0.994126558303833
-0.7445774078369141
-0.8281521201133728
-0.9270495176315308
-0.8155071139335632
-0.8285719752311707
-1.0101953744888306
-0.6945610642433167
-0.9270957112312317
-0.888435423374176
-1.3870004415512085
-0.945023238658905
-0.8848853707313538
-0.9401691555976868
-0.8256595730781555
-0.8350396752357483
-0.939988374710083
-0.9190844893455505
-0.9291717410087585
-0.7959727048873901
-0.9433304667472839
-0.7434051036834717
-0.8337869048118591
-0.958737850189209
-0.9401600956916809
-1.0164237022399902
-0.6954604387283325
-0.9986094832420349
-1.426820993423462
-0.9564531445503235
-1.2971129417419434
-0.9190667271614075
-0.6377993226051331
-1.0216755867004395
-0.99600750207901
-0.954895555973053
-0.9417163729667664
-0.8701007962226868
-1.051470398902893
-0.8452222347259521
-0.6742823123931885
-1.0018961429595947
-0.7762577533721924
-0.8679980039596558
-0.8897424340248108
-0.9894040822982788
-0.8167399764060974
-0.9420979022979736
-0.8980968594551086
-0.9116135239601135
-0.9964675307273865
-0.9187653660774231
-1.1063847541809082
-0.691195547580719
-1.3367838859558105
-0.7928677797317505
-0.8721891045570374
-1.543007254600525
-0.8799015283584595
-0.7397035956382751
-0.7381255030632019
-0.9205110669136047
-0.9459821581840515
-0.8566798567771912
-0.867157518863678
-0.9013125896453857
-0.9478380084037781
-0.8123186826705933
-0.8813796639442444
-0.7262531518936157
-0.9386768937110901
-0.9142672419548035
-0.8256387710571289
-1.9571222066879272
-0.9110164046287537
-0.9296410083770752
-0.7468087673187256
-0.9086031913757324
-0.961689293384552
-0.9037356376647949
-0.9476914405822754
-0.9437273144721985
-0.965414822101593
-1.0871883630752563
-0.8016897439956665
-0.7255983352661133
-0.894868791103363
-0.849974513053894
-0.8731287121772766
-0.777118444442749
-0.6938958168029785
-0.7919120192527771
-0.9514284133911133
-1.9073477983474731
-0.8421200513839722
-0.7237197756767273
-0.8579899668693542
-0.7778557538986206
-0.8850465416908264
-0.8693929314613342
-0.780288815498352
-1.0418214797973633
-0.9492881298065186
-0.897022008895874
-0.833975613117218
-0.7620370388031006
-0.8267044425010681
-0.7787582874298096
-0.8708072304725647
-0.8956621289253235
-0.8654972314834595
-0.8763205409049988
-0.7179492712020874
-1.126279354095459
-0.8848469853401184
-1.0508606433868408
-1.0176448822021484
-0.7472031116485596
-0.9488169550895691
-0.699177622795105
-0.8934404850006104
-0.9027388095855713
-0.9676944613456726
-0.7726707458496094
-0.8822214603424072
-0.8749877214431763
-0.8646997213363647
-1.0516717433929443
-0.7906554341316223
-1.5923278331756592
-0.9085978865623474
-0.7725791931152344
-0.6748034358024597
-0.9481841921806335
-0.9105790257453918
-1.1529266834259033
-0.9553329348564148
-0.9119381904602051
-0.8645594716072083
-0.9908471703529358
-1.0656518936157227
-0.7166813611984253
-0.9110336303710938
-0.8024845123291016
-1.885518193244934
-0.99034184217453
-0.7397261261940002
-0.8977097868919373
-0.8826630115509033
-0.6760170459747314
-0.7441738247871399
-0.9229713082313538
-0.8901808261871338
-0.7907801270484924
-1.5109237432479858
-0.6741477847099304
-0.9964330196380615
-0.9286419153213501
-0.8814225792884827
-0.6611399054527283
-0.7799680829048157
-0.9390972852706909
-0.7104257941246033
-0.8713546395301819
-0.8317233920097351
-0.7048198580741882
-1.0186777114868164
-0.8766494393348694
-0.8848469853401184
-0.9127231240272522
-0.9938969016075134
-0.6724140048027039
-0.8191989660263062
-0.9542295336723328
-0.691805899143219
-0.7457408308982849
-0.9335981011390686
-0.8525053858757019
-0.9314001202583313
-0.7687454223632812
-0.8698166012763977
-0.8437058329582214
-0.9506371021270752
-1.2243608236312866
-1.0195555686950684
-0.737567663192749
-1.381917953491211
-0.813885509967804
-1.1418527364730835
-0.879199206829071
-0.6267032623291016
-1.1503441333770752
-0.8319934010505676
-0.8810688853263855
-0.7856530547142029
-1.0675358772277832
-1.1141904592514038
-1.3022856712341309
-1.7507045269012451
-0.9085251688957214
-1.0190410614013672
-0.9543073773384094
-0.9456786513328552
-0.8609546422958374
-0.9413948655128479
-0.8704777956008911
-1.0082603693008423
-0.7972802519798279
-0.9073454141616821
-0.9475740194320679
-0.7264236807823181
-1.054786205291748
-0.9112750887870789
-0.7644895911216736
-0.9370997548103333
-1.0270612239837646
-0.8028057813644409
-0.8120291829109192
-0.6960007548332214
-2.0702672004699707
-0.9715576767921448
-0.7694547772407532
-0.9426059126853943
-0.8965833187103271
-0.8832060694694519
-0.9420269727706909
-0.7846744060516357
-1.0168787240982056
-0.8730598092079163
-0.8831550478935242
-2.0568125247955322
-0.896975576877594
-1.0715161561965942
-1.4948264360427856
-0.7912128567695618
-1.0314997434616089
-0.8072313070297241
-0.9117035269737244
-1.0064777135849
-1.022576093673706
-1.0582342147827148
-0.900560200214386
-1.1109192371368408
-0.8582851886749268
-0.8643026351928711
-0.8085839748382568
-0.9284008741378784
-0.7462939620018005
-0.8236157894134521
-1.146559715270996
-0.7880650758743286
-0.6638726592063904
-0.820487916469574
-0.788054347038269
-0.7617208957672119
-0.7980710864067078
-0.9057024121284485
-0.9590611457824707
-0.9007677435874939
-0.7710610032081604
-0.9677212834358215
-0.8013126254081726
-0.7320562601089478
-0.7201026082038879
-0.9284355044364929
-0.7632946968078613
-0.8373291492462158
-0.9694015979766846
-0.7299764752388
-1.4204645156860352
-0.8455437421798706
-0.9119756817817688
-0.7918047308921814
-1.1675090789794922
-0.8056966066360474
-0.9958181977272034
-0.8785215616226196
-0.4343509376049042
-0.6328594088554382
-1.0949214696884155
-2.0830118656158447
-0.973030149936676
-0.9916823506355286
-0.7338170409202576
-1.0401400327682495
-0.9197766780853271
-0.8762678503990173
-0.855492889881134
-0.8798477649688721
-0.8267486095428467
-0.8694736361503601
-0.8426478505134583
-0.8486048579216003
-1.149877667427063
-1.0171334743499756
-1.452419400215149
-0.920671820640564
-0.9103250503540039
-0.6008062362670898
-1.0067616701126099
-1.0392088890075684
-0.6712813973426819
-0.8894786834716797
-0.9674398899078369
-0.9822729825973511
-0.7589516639709473
-0.6461064219474792
-0.855450451374054
-0.996269941329956
-0.9355093836784363
-0.9328693747520447
-0.9074255228042603
-0.732434868812561
-1.0071468353271484
-1.2169017791748047
-0.6728864908218384
-1.5896316766738892
-0.7773628830909729
-1.0706257820129395
-0.9937763810157776
-0.5828412771224976
-0.772079586982727
-0.700351893901825
-1.0291874408721924
-0.9331048727035522
-0.8322280645370483
-0.7972849011421204
-0.8158981204032898
-0.6590451002120972
-0.8406694531440735
-0.9224066734313965
-0.881864607334137
-0.850033700466156
-0.8053726553916931
-0.8077189326286316
-0.8326271176338196
-0.7431290745735168
-1.2641980648040771
-0.9042266011238098
-0.855729877948761
-0.8334959149360657
-0.9094299077987671
-1.0500192642211914
-0.9121387004852295
-0.9329457879066467
-1.1088528633117676
-0.79935622215271
-0.8908019661903381
-0.8458796739578247
-0.8161947131156921
-0.9155371785163879
-0.4811033010482788
-0.8192844390869141
-0.8269041776657104
-0.7446669936180115
-0.9821891188621521
-0.8569117784500122
-0.9787766337394714
-0.8610928654670715
-0.6432392001152039
-0.9390878081321716
-0.749112606048584
-0.7312025427818298
-0.845302164554596
-0.6299487352371216
-0.9416067004203796
-0.8244958519935608
-0.7920843958854675
-0.8742113709449768
-0.832738995552063
-1.2362637519836426
-1.2278735637664795
-0.9762691855430603
-1.0447070598602295
-0.8557024598121643
-0.5580680966377258
-0.8890385627746582
-0.9185621738433838
-1.072095274925232
-0.9069807529449463
-1.07184636592865
-0.7720909714698792
-1.0605342388153076
-0.7687113881111145
-0.9536689519882202
-0.9291868209838867
-1.0659892559051514
-0.7909995913505554
-0.9197142720222473
-1.1532864570617676
-2.123469591140747
-0.6588329672813416
-0.8278676867485046
-0.9820376038551331
-0.7360489964485168
-0.872251570224762
-1.0904713869094849
-0.8200563788414001
-0.8634123206138611
-0.6834273338317871
-0.8882015347480774
-1.0355688333511353
-0.8080891966819763
-0.863890528678894
-0.86228346824646
-0.9340328574180603
-0.9821396470069885
-1.0735058784484863
-0.8760268688201904
-0.8561204671859741
-0.7132673263549805
-0.9780648350715637
-0.7931830286979675
-0.6951520442962646
-0.6995274424552917
-0.8680276274681091
-0.9425613284111023
-0.9566282629966736
-1.2137354612350464
-0.9803200364112854
-1.1571322679519653
-0.8200280070304871
-0.977361798286438
-1.0055289268493652
-0.9417963624000549
-0.7929658889770508
-0.7276431322097778
-0.8183119297027588
-0.9417596459388733
-0.8780480027198792
-0.8430947065353394
-0.6763536334037781
-1.129470944404602
-0.8422753810882568
-1.1071507930755615
-0.9570640921592712
-0.714158833026886
-0.9248029589653015
-0.897972047328949
-1.4420907497406006
-0.9508230090141296
-0.9500008821487427
-0.8503898978233337
-0.7445483803749084
-1.0045448541641235
-0.7420820593833923
-0.7055739760398865
-0.8356441855430603
-0.8650105595588684
-1.0414738655090332
-1.0247122049331665
-0.849673330783844
-0.7547048926353455
-1.0177397727966309
-1.515824794769287
-0.9052349925041199
-1.0297458171844482
-0.8630610704421997
-0.9511654376983643
-0.9648774266242981
-0.9769567847251892
-0.8088311553001404
-1.0156275033950806
-0.9032244682312012
-0.7839682102203369
-0.836840808391571
-0.8013919591903687
-0.8879662156105042
-0.8286705613136292
-0.9187832474708557
-0.7260928153991699
-0.7640624642372131
-0.8058865070343018
-0.8885807991027832
-0.8306528925895691
-0.8447585105895996
-0.9477871656417847
-0.6712207198143005
-0.8282579779624939
-0.768288791179657
-0.7018880248069763
-0.8172008395195007
-0.8795570731163025
-0.943760097026825
-0.9083326458930969
-0.9113577008247375
-0.8260506391525269
-0.7205984592437744
-1.0252786874771118
-0.7020703554153442
-1.3730477094650269
-0.6389840841293335
-0.973613440990448
-1.3657944202423096
-1.0192086696624756
-0.8297631144523621
-0.8124294877052307
-0.7502451539039612
-0.9801362156867981
-1.0454916954040527
-0.8514836430549622
-0.9100353121757507
-1.0595804452896118
-0.7754831314086914
-0.8636838793754578
-0.6795362234115601
-0.9958620667457581
-0.9452181458473206
-0.8229666948318481
-0.8380309343338013
-0.6642113924026489
-0.8405730128288269
-0.7414336800575256
-1.0915091037750244
-0.8944882154464722
-0.8073917031288147
-0.8361409902572632
-0.9065906405448914
-0.9927522540092468
-1.0458908081054688
-0.7184951901435852
-0.8415078520774841
-0.8519397377967834
-0.5854126811027527
-0.7251937389373779
-0.8880308270454407
-0.8254867196083069
-0.9687370657920837
-0.6908660531044006
-0.9011690616607666
-0.838771402835846
-1.4108424186706543
-0.9224259853363037
-0.8838558793067932
-0.9882715940475464
-1.014853596687317
-0.9087712168693542
-1.1694903373718262
-0.8716290593147278
-0.6141623854637146
-1.0701414346694946
-2.1047146320343018
-0.9173969030380249
-0.8610592484474182
-1.037471055984497
-0.6882733106613159
-0.8732450008392334
-0.9768546223640442
-0.8201909065246582
-0.7257115244865417
-1.0222275257110596
-0.9036584496498108
-0.8878018260002136
-0.8261111378669739
-0.7303063273429871
-0.9454401731491089
-0.9877026677131653
-0.980375349521637
-0.8294243812561035
-1.0552983283996582
-0.6983081698417664
-2.1506972312927246
-0.9534484148025513
-0.9565724730491638
-0.7848562002182007
-0.6295263171195984
-1.8396824598312378
-0.7231720685958862
-0.8104611039161682
-1.01766836643219
-1.3960094451904297
-0.9898011684417725
-0.7979714274406433
-0.6526937484741211
-0.8815410733222961
-0.8649126291275024
-0.9597200751304626
-0.8550629615783691
-0.9593148231506348
-1.4920566082000732
-0.8642657995223999
-1.0450692176818848
-1.1188572645187378
-0.7330676317214966
-0.8663952350616455
-0.9112870097160339
-0.8525067567825317
-1.0316184759140015
-1.1450854539871216
-1.1577272415161133
-1.0807979106903076
-0.7138915657997131
-0.7519324421882629
-0.8834834694862366
-0.8891592025756836
-0.8381569385528564
-0.9141626954078674
-0.9182325601577759
-0.8444262146949768
-0.8792625069618225
-0.9169051051139832
-0.9662550687789917
-1.0669221878051758
-0.8983705043792725
-0.7311602234840393
-0.8279864192008972
-0.9065410494804382
-0.842673122882843
-2.13120174407959
-0.9832361340522766
-0.8640013933181763
-0.8952823877334595
-0.9666827917098999
-0.9010780453681946
-0.8827537298202515
-1.053952932357788
-0.8675047755241394
-0.891258955001831
-0.9206273555755615
-1.0002018213272095
-1.0725927352905273
-0.8684272766113281
-0.7641432285308838
-0.948232114315033
-1.0141276121139526
-0.8363023400306702
-0.895876407623291
-0.8642421364784241
-1.024835228919983
-1.0422048568725586
-1.0162967443466187
-0.6200209856033325
-0.7734137773513794
-1.3656048774719238
-1.0520685911178589
-0.8317963480949402
-1.2870155572891235
-0.961929976940155
-0.7107765674591064
-0.926507830619812
-1.071502685546875
-1.07344388961792
-0.909412682056427
-0.8805021047592163
-1.342639684677124
-0.7003341913223267
-0.9236789345741272
-0.8683580756187439
-0.9120475649833679
-0.9293709397315979
-0.8552820682525635
-1.252686619758606
-0.9033288955688477
-0.8462174534797668
-0.8056026101112366
-0.916093111038208
-0.938947856426239
-0.9658607840538025
-0.9071831703186035
-0.9935508370399475
-1.0533316135406494
-0.8921923041343689
-0.8973071575164795
-0.8589028716087341
-0.8578811287879944
-0.8825660943984985
-1.222730278968811
-1.0310323238372803
-1.0575532913208008
-1.0435189008712769
-1.0366675853729248
-0.89170241355896
-0.9331482648849487
-0.9556742906570435
-0.8302862048149109
-0.8020563125610352
-1.2889963388442993
-0.9810317158699036
-1.3581032752990723
-0.9063465595245361
-0.7886518239974976
-0.8348569273948669
-1.03623366355896
-0.9545289278030396
-0.6144217848777771
-0.9405421614646912
-0.884226381778717
-0.8789018392562866
-0.7321987152099609
-1.0460059642791748
-0.9809399247169495
-0.8132873773574829
-1.0595552921295166
-0.9099047780036926
-0.922937273979187
-0.9991112947463989
-1.0591551065444946
-1.0814235210418701
-0.9700598120689392
-0.7869178652763367
-0.8778849840164185
-1.0408200025558472
-1.2799251079559326
-0.7728378176689148
-0.9230923652648926
-1.0075615644454956
-0.9322462677955627
-0.8936792016029358
-1.0728068351745605
-0.9735549688339233
-1.0589960813522339
-0.6436795592308044
-0.8928187489509583
-0.9793806076049805
-0.8891717791557312
-0.8769612908363342
-1.431712031364441
-1.0899649858474731
-0.6873306632041931
-0.7778763175010681
-1.499784231185913
-0.9254116415977478
-0.9720224738121033
-0.9042847156524658
-0.6290452480316162
-0.9877558350563049
-0.6606122851371765
-0.912757933139801
-0.9398900270462036
-0.9012125134468079
-0.9073411226272583
-0.7510010600090027
-0.6559420824050903
-0.8262319564819336
-1.0127450227737427
-0.8415704965591431
-0.983752429485321
-1.0916748046875
-0.8934136033058167
-0.8629037737846375
-1.6150407791137695
-0.9088824987411499
-1.2989842891693115
-0.8688274025917053
-0.9470356106758118
-1.9182307720184326
-0.8663426041603088
-1.1503920555114746
-0.6938539147377014
-0.8938992023468018
-0.8089619278907776
-0.9026748538017273
-0.7514414191246033
-1.046984076499939
-0.891706645488739
-0.5406562685966492
-0.6952725648880005
-1.0078471899032593
-0.8547444343566895
-0.7001173496246338
-0.9708592295646667
-0.7669044733047485
-0.8780650496482849
-0.7932456731796265
-0.7517521977424622
-0.6991155743598938
-0.8422477841377258
-0.9950311779975891
-0.8422128558158875
-0.9005101323127747
-0.8626691102981567
-0.9283517599105835
-1.052789330482483
-0.7549879550933838
-0.6905632019042969
-0.9487544894218445
-0.9083318710327148
-0.9986339807510376
-0.8318029046058655
-1.0608359575271606
-0.6810073852539062
-1.0110608339309692
-0.9852776527404785
-1.065701961517334
-0.8554928302764893
-1.3910412788391113
-0.6397446393966675
-0.7700613737106323
-0.9679962992668152
-1.391068696975708
-1.0628284215927124
-0.8335123062133789
-1.6267763376235962
-0.9010134935379028
-0.9460301399230957
-0.8721001148223877
-0.8762379884719849
-0.8589721322059631
-0.9158711433410645
-1.03371262550354
-0.8663276433944702
-0.804142951965332
-0.9817665219306946
-0.8185907602310181
-0.7951961159706116
-1.1106258630752563
-1.0517725944519043
-0.8530068397521973
-0.8302507400512695
-0.7556988596916199
-0.8292627930641174
-0.5878385305404663
-1.0602208375930786
-1.0967144966125488
-0.987758457660675
-1.020625352859497
-0.8728446364402771
-0.911961019039154
-0.8441868424415588
-0.848019003868103
-0.7992696166038513
-1.158783197402954
-0.9469258189201355
-0.9448181986808777
-0.6722506880760193
-0.8190686106681824
-0.8601569533348083
-0.966953694820404
-0.9410091638565063
-0.9003134369850159
-0.8586828708648682
-1.0015456676483154
-0.8998229503631592
-0.8580342531204224
-1.093764066696167
-0.7444573044776917
-0.5944029092788696
-1.0293323993682861
-0.8835604190826416
-1.0711703300476074
-1.0553474426269531
-0.8803422451019287
-0.9676002860069275
-0.8628084063529968
-0.7815311551094055
-0.8759724497795105
-1.0531011819839478
-0.45059308409690857
-0.7756611704826355
-0.9750758409500122
-0.737174391746521
-0.9075579643249512
-0.9210947751998901
-0.9052073359489441
-0.9402332901954651
-0.8059775829315186
-0.831598162651062
-1.532912015914917
-0.7503078579902649
-0.7734405398368835
-0.8365311026573181
-1.474876880645752
-0.8810107707977295
-1.049543023109436
-0.9964678883552551
-0.8101751208305359
-0.9427369832992554
-0.921779453754425
-0.7763493657112122
-0.7664123773574829
-0.8399951457977295
-0.9855265021324158
-0.879956066608429
-0.9458619356155396
-0.6560378670692444
-0.9831226468086243
-0.36303645372390747
-0.9677934646606445
-1.1517740488052368
-0.68290776014328
-0.538036584854126
-1.4188647270202637
-0.8881126046180725
-0.9411260485649109
-1.075192928314209
-0.9619372487068176
-0.9676393866539001
-0.8657809495925903
-1.0012462139129639
-0.7243736386299133
-0.9350618720054626
-0.6351599097251892
-0.8318349123001099
-0.8428395986557007
-0.9601276516914368
-1.6039705276489258
-1.017744779586792
-0.9438562989234924
-0.9435808062553406
-1.1153370141983032
-0.8567158579826355
-0.9024635553359985
-1.0432981252670288
-0.9862832427024841
-1.2866684198379517
-1.990452527999878
-0.6895032525062561
-0.9952254295349121
-0.6936865448951721
-1.462784767150879
-0.9463603496551514
-0.9313513040542603
-0.7473220825195312
-0.9104436635971069
-0.7852023839950562
-0.8619685769081116
-0.811318576335907
-0.8363702297210693
-0.6497506499290466
-0.8139790892601013
-0.9089654088020325
-0.7187082171440125
-0.6833204030990601
-0.7666448950767517
-0.8364887237548828
-1.1280062198638916
-0.883622944355011
-0.7606809735298157
-1.0069619417190552
-0.9978846907615662
-0.6830247640609741
-1.1443359851837158
-1.805783748626709
-0.7388095259666443
-0.8723435997962952
-0.9541255831718445
-0.7202199101448059
-0.8870918154716492
-0.6962454915046692
-1.900887131690979
-1.0177780389785767
-0.7425011992454529
-0.9640122056007385
-0.9352511763572693
-0.916202187538147
-0.8701217770576477
-1.0330806970596313
-1.9496307373046875
-1.0154297351837158
-1.603859305381775
-0.8515776991844177
-0.761293351650238
-0.8253284096717834
-1.0252705812454224
-0.9843105673789978
-1.1026034355163574
-0.8311031460762024
-0.6520301699638367
-0.7903688549995422
-0.8154850602149963
-1.8563416004180908
-0.7497702240943909
-0.7248243689537048
-1.1423314809799194
-0.9421681761741638
-0.900821328163147
-0.8295647501945496
-1.9189417362213135
-0.7267322540283203
-0.7398570775985718
-0.8748446702957153
-0.7548449039459229
-1.0550702810287476
-1.9573183059692383
-1.097083330154419
-0.7343845367431641
-0.8907178640365601
-1.8964537382125854
-1.059783935546875
-0.573248028755188
-2.0112664699554443
-0.7433215379714966
-0.8834177255630493
-0.9756888151168823
-0.9243870377540588
-0.982081949710846
-0.8769447207450867
-0.7492324113845825
-1.0664275884628296
-0.7366395592689514
-1.0009738206863403
-0.8376693725585938
-0.884842574596405
-0.9699237942695618
-0.9397552013397217
-0.924262523651123
-1.0826133489608765
-1.934501051902771
-0.7036575675010681
-0.8983169198036194
-0.837213933467865
-0.8775978684425354
-0.8867334127426147
-0.44134390354156494
-1.1734954118728638
-0.9165876507759094
-0.8613343238830566
-0.78965824842453
-0.9449439644813538
-0.9868335127830505
-1.0340384244918823
-0.8415091037750244
-0.9031721353530884
-0.9135862588882446
-0.8949863314628601
-1.2530468702316284
-1.01613187789917
-0.807409942150116
-1.0227093696594238
-0.6338086128234863
-0.9427343010902405
-0.8092994093894958
-1.0445727109909058
-0.8971401453018188
-1.266110897064209
-0.8582529425621033
-0.8416021466255188
-0.9160850048065186
-0.8871530294418335
-0.8609550595283508
-0.8590539693832397
-0.8645651340484619
-1.7136229276657104
-0.8786177635192871
-0.983031153678894
-0.8421887159347534
-0.8655045032501221
-0.88007652759552
-1.0127346515655518
-0.8344882726669312
-0.7995283007621765
-1.0158311128616333
-0.8012364506721497
-0.7172337174415588
-0.9515194296836853
-0.9109386801719666
-0.9843987822532654
-0.8924165964126587
-0.8505433797836304
-0.8040192723274231
-0.8199289441108704
-0.9131889939308167
-0.7546116709709167
-0.8259761333465576
-0.9867783784866333
-1.0751163959503174
-0.7272272706031799
-0.9031121134757996
-0.957380473613739
-0.8252050280570984
-0.9795628190040588
-0.8543891906738281
-0.8341991305351257
-0.8789397478103638
-0.9198525547981262
-0.9332253336906433
-0.7400734424591064
-1.151336431503296
-0.7103053331375122
-0.7373181581497192
-0.9188504815101624
-0.8494266867637634
-2.0369131565093994
-0.9142397046089172
-1.018440842628479
-0.843418538570404
-0.8227354288101196
-0.544556736946106
-0.98830246925354
-1.0592888593673706
-0.7329736351966858
-0.9095292687416077
-0.6375753283500671
-1.045553207397461
-1.0013267993927002
-0.6871220469474792
-0.5250446200370789
-0.7344319224357605
-1.808351755142212
-0.965633749961853
-0.9558075666427612
-0.9631211757659912
-0.8725934028625488
-0.5842869877815247
-0.7865719795227051
-1.7717922925949097
-0.7490679621696472
-1.0468205213546753
-0.7217763066291809
-0.9648414850234985
-0.9727439284324646
-1.12741219997406
-0.8388695120811462
-0.8232411742210388
-0.7441956400871277
-1.5752997398376465
-0.8521177172660828
-0.8808255791664124
-0.5934249758720398
-0.8465197086334229
-0.9805137515068054
-0.8810943961143494
-0.8994839191436768
-0.6350191831588745
-1.1898895502090454
-0.7594755291938782
-0.5766217708587646
-1.1762243509292603
-1.7152889966964722
-1.6210556030273438
-0.8316212296485901
-0.6517601609230042
-0.8103061318397522
-0.866532027721405
-0.986953854560852
-0.8813628554344177
-1.1498712301254272
-0.7418489456176758
-0.7727813124656677
-0.6871819496154785
-0.7266275882720947
-0.9340274333953857
-0.49761518836021423
-0.817747950553894
-0.8642596006393433
