-0.31134510040283203
-0.34191200137138367
-0.4481692910194397
-0.625653862953186
-0.4284437596797943
-0.6813068985939026
-0.5295036435127258
-0.5030272603034973
-0.4011973440647125
-0.21285352110862732
-0.7771865725517273
-0.7104397416114807
-0.07984872162342072
-0.4699859917163849
-0.1869293451309204
-0.6574877500534058
0.02948957309126854
-0.11233896017074585
-0.007678057998418808
-0.24044467508792877
-0.41686150431632996
-0.027269337326288223
-0.28544050455093384
-0.337451308965683
-0.7702921032905579
-0.5119614005088806
-0.18319138884544373
-0.46688133478164673
-0.2950141727924347
-0.007282741367816925
-0.3522137403488159
-0.5761495232582092
-0.7364333271980286
-0.42354899644851685
-0.5449548363685608
-0.5614261627197266
-0.4671734571456909
-0.4390351474285126
-0.5121614336967468
-0.6855534911155701
-0.5140447616577148
-0.1780533492565155
-0.5419931411743164
-0.4056643545627594
-0.30343613028526306
0.544956624507904
-0.003752131015062332
0.07765159010887146
-0.4749715328216553
-0.586762011051178
-0.6645599603652954
-0.014425445348024368
-0.642196774482727
-0.32620561122894287
-0.3297528028488159
-0.6262017488479614
-0.2668072581291199
-0.18026141822338104
-0.6898368000984192
-0.3829686641693115
-0.5060447454452515
-0.14498673379421234
-0.44599658250808716
-0.38757574558258057
-0.5291841626167297
-0.5728076100349426
-0.36005908250808716
-0.2014610767364502
-0.19581106305122375
-0.6996027231216431
-0.4090043902397156
-0.23715408146381378
-0.07340086996555328
-0.38889357447624207
-0.5330772399902344
-0.35930314660072327
-0.5671100616455078
0.14102309942245483
-0.05408115312457085
-0.336230993270874
-0.5823014378547668
-0.08562375605106354
-0.21886390447616577
0.0481240339577198
-0.8447225689888
-0.025916751474142075
-0.521758496761322
-0.6900433301925659
-0.5435565114021301
-0.3915177881717682
-1.0942060947418213
-0.5317251682281494
-0.5872296690940857
-0.04342181608080864
-0.6733472347259521
-0.7463564276695251
0.2536340355873108
-1.0072389841079712
-0.5082533359527588
-0.7228308320045471
0.1106361448764801
-0.02823040261864662
-0.47612887620925903
-0.7145664095878601
-0.1520983725786209
-0.40874186158180237
-0.7216978669166565
-0.6395096778869629
-0.5876576900482178
-0.166566863656044
-0.11578069627285004
-0.6995375752449036
-0.5269304513931274
-0.3855171203613281
0.14242805540561676
-0.40264520049095154
-0.2111632525920868
-0.3345838487148285
0.23910737037658691
-0.26946184039115906
-0.523276150226593
-0.4498749077320099
-0.2885921001434326
-0.6762175559997559
-0.4198243319988251
-0.09998038411140442
-0.15104462206363678
-0.04712356999516487
-0.0743178278207779
-0.2698928117752075
-0.1656026691198349
-0.014968302100896835
-0.7141883969306946
-0.3832506537437439
-0.37875428795814514
-0.3087367117404938
-0.49489086866378784
-0.42354390025138855
-0.806456983089447
-0.3086889088153839
-0.41336947679519653
-0.5070289969444275
-0.7889209389686584
-0.4938570559024811
-0.3614327013492584
-0.48689189553260803
-0.20333535969257355
-0.5487028360366821
-0.007400263100862503
-0.6128201484680176
-0.12225383520126343
-0.668863832950592
-0.3307099938392639
-0.3268018364906311
-0.2036849707365036
-0.5183155536651611
-0.17377984523773193
-0.2287130355834961
-0.8052945733070374
-0.12395428121089935
-0.23193757236003876
-0.2492491900920868
-0.34669700264930725
-0.1511358916759491
-0.42392784357070923
-0.3032652735710144
-0.21114188432693481
-0.1322994828224182
0.5154459476470947
-0.45817047357559204
0.0033093728125095367
-0.14256705343723297
-0.1716219037771225
-0.6805503368377686
-0.3835916519165039
-0.013302493840456009
0.18519727885723114
-0.5312004089355469
-0.15268585085868835
-0.47285693883895874
-0.23399753868579865
-0.5967516899108887
-0.662283182144165
-0.016434360295534134
-0.09713873267173767
-0.5697040557861328
-0.27495864033699036
-0.21069055795669556
0.4561042785644531
-0.3128203749656677
-0.607159435749054
-0.43691688776016235
-0.8971379399299622
-0.4294743537902832
0.5669662356376648
-0.3641592264175415
-0.30528098344802856
-0.4832235276699066
-0.14273515343666077
-0.09203128516674042
-0.3591808080673218
-0.4375811219215393
-0.46541351079940796
-0.5470802187919617
-0.25253793597221375
-1.1259294748306274
-0.26445260643959045
-0.08219078183174133
0.1295526772737503
0.4335535764694214
0.042194660753011703
-0.8219912648200989
-1.3504602909088135
-0.6159467697143555
-0.19384336471557617
-0.4344232976436615
-0.5876224637031555
-0.3347213566303253
-0.5973289012908936
-0.4591982066631317
-0.37101519107818604
-1.1555362939834595
0.3421131670475006
-0.45780739188194275
-0.4352734088897705
-0.38607311248779297
-0.7043944597244263
-0.4485105872154236
-1.1761037111282349
-0.2683730721473694
-0.5562189817428589
-0.568114161491394
-0.5032769441604614
0.12046663463115692
-0.39299914240837097
-0.7188738584518433
-0.976388692855835
-0.43890637159347534
-0.5671160817146301
-0.30915114283561707
-0.2464294731616974
-0.6230835914611816
-0.3404732346534729
0.39155662059783936
-0.39114147424697876
-0.21920466423034668
-0.39826422929763794
0.008304018527269363
-0.43399524688720703
-0.626969039440155
-0.2821906805038452
-0.3427565395832062
0.0065850019454956055
-0.43503326177597046
-1.8324317932128906
-0.5235444903373718
-0.10993899405002594
-0.2285553216934204
-0.24693384766578674
-0.5660742521286011
-0.269863098859787
-0.5084657073020935
-0.4139896333217621
-0.5093936324119568
-0.3684356212615967
0.28762179613113403
-0.792037844657898
-0.4936741292476654
-0.42430925369262695
-0.4133094847202301
-0.3209627568721771
-0.4707270860671997
-0.20892366766929626
-0.3710947632789612
-0.41109803318977356
-0.14251938462257385
-0.42754998803138733
-0.767559826374054
-0.4871892035007477
-0.17722715437412262
-0.5651904344558716
0.3687829077243805
-0.24041038751602173
-0.4470037519931793
-0.07177199423313141
-0.5499259233474731
-0.290610671043396
0.060012321919202805
-0.4129056930541992
-0.7011783719062805
-0.38218435645103455
-0.35470542311668396
-0.580612301826477
0.6076869368553162
-0.37292394042015076
-0.6924232840538025
-0.1153525710105896
-0.4430548846721649
-0.45583826303482056
-0.6428250074386597
0.17123687267303467
-0.5372403860092163
-0.04163387790322304
-0.20094674825668335
-0.15712560713291168
-0.492086797952652
-0.30471575260162354
-0.22142460942268372
-0.3768346607685089
-0.28367891907691956
-0.4594971537590027
-0.4509201645851135
-0.8054367303848267
-0.2666180729866028
0.3847670555114746
-0.3079302906990051
-0.18085920810699463
-0.35344117879867554
-0.5156327486038208
0.03313254192471504
-0.28320640325546265
-0.23592187464237213
-0.09765443205833435
-0.35492295026779175
-0.5064646601676941
-0.469255268573761
-0.9061758518218994
-0.4343164563179016
-0.21962451934814453
-0.13873040676116943
-0.5530088543891907
-0.43372559547424316
-0.4230542778968811
-0.49822330474853516
-0.2402687668800354
-0.2706361711025238
-0.36279281973838806
-0.35472825169563293
-0.24120184779167175
-0.2005014717578888
-0.19588588178157806
-0.16707423329353333
-0.2910661995410919
-0.2897608280181885
-0.2562524676322937
-0.47553175687789917
0.33656448125839233
-0.3780919909477234
-0.46627408266067505
-0.4520251750946045
-0.3158802390098572
-0.12143917381763458
-0.2974059283733368
0.049636829644441605
-0.420687735080719
0.21439656615257263
-0.24879851937294006
-0.1442309021949768
0.037966761738061905
-0.21476054191589355
-0.09707370400428772
0.1585850715637207
-0.06615069508552551
-0.5883574485778809
-0.6730737686157227
-0.5241544842720032
-0.5833340883255005
-0.23431889712810516
-0.4524015784263611
-0.3052745461463928
-0.5303657054901123
-0.45106783509254456
-0.26952850818634033
-0.1467801034450531
-0.18689358234405518
-0.1860770285129547
-0.10037985444068909
-0.7505204677581787
-0.7051696181297302
-0.1358369141817093
-0.15027567744255066
-0.6481744647026062
-0.17018693685531616
0.11754514276981354
-0.7481592297554016
-0.4430742561817169
-0.4601467251777649
-0.35575956106185913
-0.1260327696800232
0.11975251138210297
-0.5916033983230591
-0.39399027824401855
-0.5064084529876709
-0.6828328967094421
0.07936686277389526
0.4774857759475708
-0.3829711973667145
-0.24935418367385864
-0.27461832761764526
-0.5197004675865173
-0.019330758601427078
-0.5505918860435486
-0.7100422978401184
-0.03047655150294304
-0.6706895232200623
-0.4166731834411621
-0.32360970973968506
-0.12852875888347626
-0.22172674536705017
-0.4591532051563263
-0.4117867648601532
0.17461372911930084
-0.33527877926826477
0.025113288313150406
-0.12871403992176056
-0.2795144021511078
-0.558190643787384
-0.6119173169136047
-0.35775086283683777
-0.1837170422077179
-0.2425287514925003
-0.010049797594547272
-0.566847562789917
-0.2357364296913147
-0.2070179432630539
-0.8143712282180786
-0.569680392742157
-0.3585650622844696
-0.38429126143455505
-0.4291713237762451
-0.3919842839241028
-0.5699523091316223
0.20608270168304443
-0.6381648778915405
-0.684359610080719
-0.3258504867553711
-0.5028462409973145
-0.6176977753639221
-0.39007481932640076
-0.4228358864784241
-0.7346094846725464
-0.3908119201660156
-1.2269566059112549
-0.3764461874961853
-0.9752925634384155
-0.3037097454071045
-0.30259349942207336
-0.412678986787796
-0.15401998162269592
-0.1051630824804306
-0.21760576963424683
-0.7185928225517273
-0.489551842212677
0.28666844964027405
-0.3327632546424866
-0.6217553615570068
-0.4752000570297241
-0.4241279363632202
-0.582271158695221
-0.5073838233947754
0.04659198597073555
-0.49515408277511597
-0.6205891966819763
-0.2934805750846863
0.11922574043273926
-0.43731167912483215
0.14569559693336487
-0.36509549617767334
-0.6878904700279236
0.16237804293632507
0.31496483087539673
-0.8474963307380676
-0.23954463005065918
0.16291822493076324
-0.42923879623413086
-0.20819783210754395
-0.15602201223373413
-0.38830408453941345
-0.15326644480228424
0.09167446196079254
-0.15130887925624847
-0.08281399309635162
-0.39478716254234314
-0.14507029950618744
-0.05382071062922478
-0.24929001927375793
-0.3190609812736511
-0.6987611055374146
0.042187947779893875
-0.4791593849658966
-0.6762390732765198
-0.15551511943340302
-0.8318817019462585
-1.0004348754882812
-0.6112699508666992
-0.4448263645172119
-0.33948299288749695
-0.27171647548675537
-0.5446135401725769
-0.3179246783256531
-0.7018458247184753
-0.12119446694850922
-0.03935568779706955
-0.27613213658332825
-0.837329626083374
-0.360944002866745
0.10819801688194275
-0.6460061073303223
-0.1952800154685974
-0.47038576006889343
-0.09983953833580017
-0.41222500801086426
-0.4193554222583771
-0.4467327892780304
0.06681185960769653
0.2705410420894623
-0.3260677456855774
0.013535592705011368
-0.47919827699661255
-0.09663137793540955
-0.09513968229293823
-0.5103092193603516
-0.6633253693580627
-0.22656279802322388
-0.2339596152305603
-0.42343801259994507
-0.6184521317481995
-0.1848946213722229
-0.6503812074661255
-0.13164988160133362
-0.5745735764503479
-0.09276914596557617
0.0001979433000087738
-0.719245970249176
-0.25628140568733215
-0.06391555070877075
-0.24007850885391235
-0.33353981375694275
-0.7604705095291138
-0.36455124616622925
-0.3123741149902344
-0.7112762331962585
-0.42491674423217773
-0.5596709847450256
-0.3809519410133362
-0.5700485110282898
-0.39566028118133545
-0.6194869875907898
-0.3169651925563812
-0.8930013179779053
-0.5092817544937134
-0.43353477120399475
-0.12477090954780579
-0.04913100600242615
0.07427206635475159
-0.12372128665447235
-0.5379863381385803
-0.25030913949012756
-0.5256771445274353
-0.959719717502594
-0.7334464192390442
-0.11223931610584259
-0.502332866191864
0.01315448060631752
-0.7192578315734863
-0.43306803703308105
-0.3402542769908905
-0.3754376471042633
-0.11387358605861664
-0.28083693981170654
-0.43181777000427246
-0.8255437612533569
-0.4167032837867737
-0.6467152833938599
-0.46587660908699036
-0.2733193635940552
-0.5127913355827332
-0.4739820063114166
-0.16458411514759064
-0.3625439405441284
-0.44434425234794617
-0.46298712491989136
-0.4516895115375519
-0.5270374417304993
-0.5552276968955994
-1.1727420091629028
-0.6378704905509949
-0.2846306264400482
-0.2516252398490906
0.23041051626205444
0.19429662823677063
-0.31099632382392883
-0.5780107378959656
-0.7657948136329651
-0.3097681999206543
-0.7917690873146057
-0.9383062720298767
-0.4853258430957794
-0.8332489132881165
-0.3582824766635895
-0.18912610411643982
-0.4709217846393585
-0.44885632395744324
-0.2790548503398895
-0.6981940865516663
-0.6941372156143188
-0.45051199197769165
-0.193724125623703
-0.5373899340629578
-0.5261271595954895
-0.04295795038342476
0.1802806705236435
-0.2986298203468323
-0.8312893509864807
-0.5282897353172302
-0.46050789952278137
-0.825230598449707
0.5047927498817444
-0.28434062004089355
0.42414700984954834
-0.3179762363433838
-0.7317335605621338
0.08188100159168243
-0.3436051309108734
-0.3062112331390381
-0.14943648874759674
-0.5646452903747559
-0.8390979766845703
-0.4474791884422302
-0.6880649328231812
-0.3010842204093933
-0.23207810521125793
-1.807241439819336
-0.484159916639328
-0.3739829659461975
-0.7801412343978882
-0.4431523382663727
-0.35837846994400024
-0.621552050113678
-0.36537984013557434
-0.10817323625087738
-0.4684181809425354
-0.3263395428657532
-0.4294164776802063
-0.06043829023838043
-0.34849902987480164
0.025601979345083237
-0.36097586154937744
-0.4470711946487427
-0.4744974970817566
-0.3279196321964264
-0.4597609043121338
-0.49919670820236206
-0.5040196180343628
-0.48508065938949585
-0.3268890380859375
-0.5943531394004822
0.03138083592057228
-0.4110378623008728
0.19089491665363312
-0.006194077432155609
-0.13990375399589539
-0.29642391204833984
-1.0257763862609863
-0.3106786608695984
-0.8747380375862122
-0.5123542547225952
-0.4290350377559662
-0.33405834436416626
-0.6967954039573669
-0.37074196338653564
-0.04716767743229866
-0.5270152688026428
-0.41215407848358154
0.04874010756611824
0.17697416245937347
-0.09464560449123383
-0.12505429983139038
-0.6232956051826477
-0.5211303234100342
0.029063109308481216
-0.7913101315498352
-0.3181513249874115
-0.2047540843486786
-0.2607855796813965
-0.30265095829963684
-0.28942087292671204
0.32202059030532837
-0.8052330017089844
-0.26828309893608093
-0.009660974144935608
-0.4411832094192505
0.32884711027145386
-0.657218337059021
-0.34958744049072266
-0.3122352361679077
-0.2925819158554077
-0.3548646867275238
-0.09074340760707855
-0.1018262431025505
-1.1359939575195312
-0.3816852569580078
-0.8891922831535339
0.2654150128364563
-0.24937069416046143
-0.2449786365032196
-0.6139533519744873
0.1378338485956192
-0.5253848433494568
-0.1670083850622177
-0.4647601246833801
-0.6121181845664978
-0.09170051664113998
-0.9178754091262817
-0.6998446583747864
-0.4733844995498657
-0.5267986059188843
-0.07847082614898682
-0.16669267416000366
-0.6705721616744995
-0.5142202973365784
-0.5422938466072083
-0.5709120631217957
-0.38528457283973694
-0.2791800796985626
-0.5195319056510925
-0.5962316393852234
-0.11436982452869415
-0.7458788752555847
-0.5800376534461975
-0.7540396451950073
-0.9972395300865173
-0.5404107570648193
-0.724816083908081
-0.4268459975719452
-0.7006452679634094
-0.629115641117096
-0.6457577347755432
-0.5321995615959167
-0.7302942276000977
0.5643370747566223
0.30346977710723877
-0.41479963064193726
-0.14840656518936157
0.0946192592382431
-0.42522186040878296
-0.3185337781906128
-0.3241129517555237
-0.4950425326824188
-0.06712488830089569
-0.5750210881233215
-0.31582188606262207
-0.3458263874053955
-0.3337048292160034
-0.11213262379169464
-0.12807919085025787
0.24670729041099548
-0.30544334650039673
-0.7148433327674866
-0.3624688386917114
-0.6118975281715393
-0.18175920844078064
-0.6523391008377075
-0.70754474401474
-0.7955582141876221
-0.5266280174255371
-0.4150087833404541
-0.33203014731407166
0.3525455594062805
0.21952605247497559
-0.7804485559463501
-0.17012275755405426
-0.4678137004375458
-0.13214893639087677
-0.5340511798858643
-0.49575352668762207
-0.05589532479643822
-0.3731050491333008
-0.20254915952682495
-0.19637329876422882
-0.28324246406555176
-0.4703303277492523
-0.6954326629638672
-0.7003620862960815
-0.47113731503486633
-0.07705055177211761
-0.5648584961891174
0.03799254819750786
-0.07097385823726654
-0.17438089847564697
-0.6007395386695862
-0.739974319934845
0.043580327183008194
-0.4597781002521515
-0.4250014126300812
-0.593031108379364
0.1920444816350937
-0.08454114198684692
0.0812283456325531
-0.4039236605167389
0.07413266599178314
-0.46595704555511475
-0.15590502321720123
-0.3213721513748169
-0.27114495635032654
0.09411165118217468
-0.37231114506721497
-0.5953781008720398
-0.73553466796875
-0.5711047649383545
-0.38350921869277954
-0.34371691942214966
-0.36497223377227783
-0.13989464938640594
-0.399929016828537
-0.30427730083465576
0.31138789653778076
-0.4277982711791992
-0.2823702394962311
-0.692851722240448
-0.5862677097320557
-0.4038057327270508
-0.4021492600440979
-0.5645938515663147
-0.3400907814502716
-0.029903020709753036
-0.4166707992553711
0.01362500712275505
0.17591050267219543
-0.28879034519195557
-0.18854087591171265
-0.7742710113525391
-0.5536799430847168
-0.5166939496994019
-0.49048006534576416
0.04669410362839699
-0.6921994090080261
0.3942094147205353
-0.5796862840652466
-1.114372730255127
-0.3817257881164551
-0.6709622740745544
-0.15051577985286713
-0.48290300369262695
0.12308524549007416
0.12039828300476074
-0.38361692428588867
-0.42115283012390137
-0.4075307250022888
-0.6381138563156128
-0.4821634292602539
-0.47548216581344604
-0.8695446848869324
-0.021715890616178513
-0.10597804188728333
-0.43932223320007324
-0.668003499507904
-0.3086611032485962
-0.6111406683921814
-0.5047436952590942
-0.5957373976707458
-0.47657719254493713
-0.41881293058395386
-0.8254644870758057
-0.7529169321060181
-0.10334192216396332
-0.23867276310920715
-0.43136945366859436
-0.5238271951675415
-0.5815876722335815
-0.48565438389778137
-0.22363488376140594
-0.2552368938922882
-0.5096158981323242
-0.2083936631679535
-0.44623541831970215
-0.0343431755900383
-0.20145875215530396
-0.6305249333381653
-0.28511324524879456
0.24967104196548462
0.04884420707821846
0.0858023464679718
-0.7292158007621765
-0.5696688294410706
-0.5679028630256653
-0.2178775668144226
-0.17717009782791138
-0.5611984729766846
-0.7840147018432617
-0.49205833673477173
-0.5686486959457397
0.17832288146018982
0.22526538372039795
-0.4846375286579132
0.11283862590789795
0.14352554082870483
-0.09827853739261627
-0.005955968052148819
-0.8277753591537476
-0.4880335032939911
-0.47843053936958313
-0.45088332891464233
0.41562747955322266
-0.4417611360549927
-0.5005241632461548
-0.5847709774971008
-0.4589095115661621
-0.3700075149536133
-0.15341608226299286
-0.19729502499103546
-0.28801676630973816
-0.5501891374588013
-0.1358538717031479
-0.5429226756095886
0.4061802625656128
-0.3294037878513336
-0.5469052195549011
0.15250611305236816
0.10502862930297852
-0.5381638407707214
-0.5146099925041199
-0.7492071390151978
-1.1620233058929443
0.03451837971806526
-0.5648742318153381
-0.3484494388103485
-0.6232939958572388
-0.6795186996459961
-0.8064192533493042
-0.241159588098526
-0.18779954314231873
-0.10632355511188507
-0.2738707363605499
-0.6502609848976135
-0.4477524161338806
-0.4305427670478821
-0.4136725068092346
-0.591150164604187
-0.11886662244796753
-0.4582076072692871
-0.2578416168689728
-0.5135398507118225
-0.9080378413200378
-0.41809922456741333
0.22782224416732788
-0.3292189836502075
0.37317129969596863
-0.23899385333061218
-0.5032334923744202
-0.2563110291957855
-0.5121699571609497
-0.3884572982788086
-0.7979013919830322
0.31403374671936035
0.07894626259803772
-0.13100576400756836
-0.40551239252090454
-0.37119364738464355
-0.1589108556509018
-0.6319481134414673
-0.5137901306152344
-0.10869745910167694
-1.1618603467941284
0.6528367400169373
0.4705239534378052
-0.6267836093902588
-0.7834906578063965
-0.40176236629486084
-0.19385385513305664
-0.553857684135437
-0.18474987149238586
-0.48463475704193115
-0.2536582350730896
-0.3923042416572571
0.3684518039226532
0.09234891831874847
-0.2626931667327881
-0.12039360404014587
-0.4663652777671814
-0.29144778847694397
-0.559890866279602
-0.040236715227365494
0.5956512689590454
0.1760965883731842
-0.24926412105560303
-0.4066848158836365
-0.6512005925178528
-0.612334132194519
-0.19474779069423676
-0.21060346066951752
-0.5846195220947266
0.48662108182907104
-0.023228827863931656
-0.9082198143005371
0.013412881642580032
-0.33399003744125366
-0.7693645358085632
-0.26365020871162415
-0.13594810664653778
-0.5356252193450928
-1.4645980596542358
-0.372162789106369
-0.6447352170944214
-0.5924462676048279
-0.05510786548256874
0.018882859498262405
-0.6105380654335022
-0.08366483449935913
-0.5634108185768127
-0.5674943327903748
-0.7469485402107239
-0.21332624554634094
-0.316328227519989
-0.6654818058013916
-0.33856964111328125
-0.17805787920951843
-0.5864511132240295
-0.4661449193954468
0.025068823248147964
-0.17074742913246155
0.5653887391090393
-0.6777788996696472
-0.8002789616584778
-0.4127544164657593
-0.47978538274765015
-0.36331915855407715
-0.11928068101406097
-0.18500789999961853
-0.19381503760814667
-0.26151028275489807
0.08405882120132446
-0.03380241245031357
-0.5107302069664001
-0.6293408870697021
-0.04923743009567261
-0.44960376620292664
-0.42488107085227966
-0.1485881805419922
-0.735716700553894
-0.916814386844635
-0.1501598209142685
-0.6267639398574829
-0.7779576182365417
-0.5975366234779358
-0.25859931111335754
-0.21142202615737915
0.02671438828110695
-0.42065900564193726
-0.22346080839633942
-0.6184844970703125
-0.16698546707630157
-0.02467484027147293
-0.6301724910736084
-0.5258467197418213
-0.12521220743656158
-0.3570263981819153
-0.11793796718120575
-0.30776140093803406
-0.1305089145898819
-0.46294552087783813
-0.663170337677002
-0.07775881141424179
-0.5765610933303833
-0.1729019284248352
-0.6133721470832825
-0.09784084558486938
0.06208023056387901
-0.74703049659729
0.15447154641151428
-0.021479029208421707
-0.2537088990211487
-0.5618134140968323
-0.4762229323387146
-0.11952227354049683
-0.39228135347366333
-0.7608656287193298
0.1642863154411316
-0.53363436460495
-0.15811488032341003
-0.5379527807235718
-0.3627135157585144
-0.5126306414604187
-0.4959021806716919
-0.7808066010475159
-0.39858105778694153
-0.48307138681411743
-0.4673500061035156
0.21442776918411255
-1.1052238941192627
-0.38894736766815186
-0.22843918204307556
-0.6777558922767639
-0.5242432355880737
-0.7003992795944214
-0.6081379055976868
-0.4462105333805084
-0.13209709525108337
-0.5147855877876282
-0.33882954716682434
-0.8216971158981323
-0.44548577070236206
-0.8937259912490845
-0.4629563093185425
-0.3089827597141266
0.1023842990398407
-0.618315577507019
-0.4469001293182373
-0.8241292834281921
-0.6190505623817444
-0.5929441452026367
-1.7642486095428467
0.31006699800491333
-0.7054436802864075
-0.9734503626823425
-0.6452084183692932
-0.5498991012573242
-0.563811182975769
-0.38468897342681885
-1.9355151653289795
0.17083561420440674
-0.3268048167228699
0.05373220518231392
-0.5935693979263306
-0.6347647309303284
0.0038014575839042664
-0.18516242504119873
-0.4497126042842865
-0.21214456856250763
-0.02681167796254158
-0.40377482771873474
-0.0100419782102108
-0.354520708322525
-0.28328150510787964
-0.27154725790023804
-0.124773308634758
-0.20738209784030914
-0.10426709055900574
-0.738706648349762
-0.4806166887283325
-0.1921917200088501
-0.3635994791984558
-1.7414653301239014
-0.3042981028556824
-0.4437171220779419
0.0020622871816158295
0.09545332193374634
-0.6841539144515991
-0.4398166835308075
-0.31007593870162964
-0.40289896726608276
-0.44419175386428833
-0.6447824239730835
-0.47560790181159973
-0.24081692099571228
-0.7619596719741821
-0.01661844179034233
-0.8655852675437927
-0.45007753372192383
