-0.2166222631931305
0.6571969985961914
0.7315354943275452
-0.3820241689682007
-0.09441982209682465
0.21351036429405212
0.3501908779144287
0.2850969731807709
-0.6227093935012817
0.6215041279792786
0.8612569570541382
0.3729959726333618
0.6396426558494568
0.322937548160553
0.6040225028991699
0.42858004570007324
0.3614066243171692
-0.022824358195066452
0.7437943816184998
0.7469640970230103
0.7884253859519958
-0.2805897295475006
0.5908405780792236
0.21889564394950867
-0.3855774402618408
0.533012330532074
-0.346079558134079
0.45247524976730347
0.7022905945777893
0.798008918762207
0.41880694031715393
0.05738719180226326
0.38535258173942566
-0.27643343806266785
-1.0383870601654053
0.4130159616470337
0.37493395805358887
0.6473206877708435
0.41765516996383667
0.19116483628749847
-0.41025441884994507
0.5654642581939697
0.7651262283325195
0.7933725714683533
0.5714997053146362
0.856380820274353
0.6667945981025696
0.5401994585990906
0.5365087389945984
0.4060223698616028
0.5631805658340454
-0.6611970067024231
0.5008556246757507
-0.22902187705039978
0.3505457937717438
0.10347194969654083
-0.04341289773583412
0.0021661482751369476
0.5491025447845459
0.08892068266868591
0.30357956886291504
0.7398191094398499
0.45995020866394043
0.6330191493034363
0.7834924459457397
0.10978367924690247
0.8475295901298523
0.6993085145950317
0.45307958126068115
0.6591063141822815
0.5400556325912476
0.5853317379951477
-0.5450226664543152
0.19578775763511658
-0.1287834346294403
0.6097813844680786
0.728486180305481
0.7043637633323669
-0.45922696590423584
0.6137140989303589
0.8210659027099609
0.8797416687011719
0.6270289421081543
-0.18023240566253662
-0.8302120566368103
0.6870331764221191
0.5494484305381775
0.6250395178794861
-0.14729858934879303
0.606853187084198
0.5249744057655334
0.08641907572746277
0.508732795715332
-0.02989071235060692
0.49748390913009644
0.6888487935066223
0.028202738612890244
-0.4183984398841858
0.7582077383995056
0.5982978940010071
0.8190999031066895
0.8593676686286926
0.8821402192115784
-0.2306094467639923
0.5283286571502686
-0.3430916666984558
0.7553246021270752
0.6971940994262695
0.34942176938056946
0.7796728610992432
0.4063902795314789
0.8873767852783203
0.7232995629310608
0.8809429407119751
0.8378584980964661
0.5082264542579651
0.6285221576690674
0.4828934669494629
0.7528753876686096
0.7151680588722229
0.5351877212524414
-0.04008612409234047
0.6740631461143494
0.6677908301353455
0.4824390411376953
-1.051101803779602
0.7316086888313293
0.648688554763794
0.20068854093551636
0.6223161220550537
0.7840685248374939
0.4749686121940613
0.6946306228637695
0.7987068891525269
0.6840030550956726
0.765112578868866
0.03249506279826164
-0.16970761120319366
0.49802255630493164
0.6101629137992859
0.8267722725868225
0.7616898417472839
0.7159850001335144
0.23317411541938782
0.45886921882629395
0.6270416378974915
0.4825872778892517
0.5165871977806091
-0.429202675819397
0.5967854261398315
0.29884105920791626
0.2942427694797516
0.11547109484672546
-1.8122296333312988
0.6632772088050842
0.6398712992668152
0.28973624110221863
0.16398340463638306
0.4433461129665375
-0.10402154922485352
-0.5480169057846069
0.6938332915306091
0.7749057412147522
0.7657002806663513
0.4523521661758423
-0.014551453292369843
0.6306453943252563
0.7258839011192322
0.0764349102973938
0.681838870048523
0.7838963270187378
0.3298662304878235
0.43311160802841187
0.5987722873687744
0.7091888785362244
0.834919273853302
0.3922197222709656
-0.44235068559646606
-0.2733851969242096
0.6048228740692139
0.634850800037384
0.44080260396003723
-0.06328356266021729
0.7870436310768127
0.2582322657108307
0.4197333753108978
0.4071938097476959
0.2587016820907593
0.7867931723594666
-0.5367817282676697
0.668682873249054
0.7334399819374084
0.49802255630493164
0.7811419367790222
0.612107515335083
0.3760656416416168
0.7175737023353577
0.75113844871521
0.715003252029419
0.3588451147079468
0.3924732208251953
0.11401358246803284
0.3156725764274597
0.0804891437292099
0.38673901557922363
-0.3880452513694763
0.37855958938598633
0.6268165111541748
0.1721760779619217
-0.1895049810409546
0.7043208479881287
0.5755918622016907
-0.8075840473175049
0.4129665791988373
-0.24116897583007812
0.51209557056427
0.4843956232070923
-1.1879384517669678
0.3260180652141571
0.28823748230934143
0.7422884702682495
0.8045973181724548
0.7582482695579529
-0.3104144036769867
-0.06888682395219803
0.38490942120552063
0.7505576014518738
0.2352794110774994
0.8917615413665771
0.7027282118797302
0.3717125654220581
0.6681843996047974
0.3083082139492035
0.8398503661155701
0.7507423758506775
-1.768506407737732
-0.5379232168197632
-0.5070948004722595
0.5931555032730103
-0.4457458257675171
0.5172455310821533
-0.010496631264686584
0.4771774411201477
-0.257127583026886
0.6733617782592773
0.6191145777702332
0.7592312097549438
-1.1094062328338623
0.1873718500137329
0.7205355763435364
0.6258895397186279
0.7216328382492065
0.10218173265457153
0.6458080410957336
-1.0992499589920044
0.7072890400886536
-0.43108510971069336
0.8742027282714844
0.6718499660491943
0.5993584394454956
0.8243346810340881
0.7014193534851074
-0.011692602187395096
0.1391063928604126
0.1462443321943283
0.517082154750824
-0.2893928587436676
0.12552616000175476
-0.04515602067112923
0.5313752889633179
0.7134301662445068
-0.6964229941368103
0.9006941318511963
0.12540081143379211
0.3174605965614319
-0.03310798481106758
-0.31781500577926636
0.645013153553009
0.5147650241851807
0.18850935995578766
0.612384021282196
0.5015555024147034
0.4242928624153137
0.6019933223724365
0.5958404541015625
-0.04247283935546875
0.6082178950309753
-1.262919545173645
0.47636550664901733
-0.6601499319076538
0.4481208622455597
0.20413902401924133
-0.005522813647985458
0.747532069683075
0.6690635085105896
0.618394136428833
0.517301082611084
0.5574381351470947
0.5120031833648682
0.5686132907867432
0.6389102339744568
-0.014415863901376724
0.4017395079135895
-0.1567140370607376
-0.40259161591529846
0.4982609152793884
0.2404746115207672
0.7965556383132935
0.27200108766555786
0.3688242435455322
0.6945239901542664
0.5964975953102112
0.17022037506103516
0.34778428077697754
0.5581744909286499
0.15244971215724945
0.8362859487533569
0.5095411539077759
-0.03383020684123039
-0.3887282907962799
0.6381437182426453
-0.5676688551902771
0.7139744162559509
-0.37226617336273193
0.40610265731811523
0.45493006706237793
0.018987085670232773
0.604504406452179
-0.26798465847969055
0.5945069193840027
0.6147478818893433
-0.67246413230896
0.8572624325752258
0.542267382144928
0.7679429054260254
0.5955027341842651
0.7707346677780151
0.6531214118003845
-0.27428188920021057
0.030577171593904495
0.5167222023010254
0.44961613416671753
0.6660715341567993
0.7789714336395264
0.03723527118563652
0.1962248831987381
-0.7539958357810974
0.7119253277778625
0.7956422567367554
0.5646270513534546
0.6675983667373657
0.6897751688957214
0.7324126958847046
0.06923976540565491
0.9301010966300964
0.6806414723396301
0.2476063370704651
0.7570421099662781
0.8146565556526184
-0.0349106527864933
0.7433696985244751
0.5735152363777161
0.5834925770759583
0.5400257110595703
0.6243248581886292
0.4520929455757141
0.34342920780181885
0.8077848553657532
0.518308162689209
0.5817376971244812
0.4677656888961792
0.33121296763420105
0.4064632058143616
0.031269971281290054
0.7303382158279419
0.21486568450927734
0.8477393984794617
0.718682587146759
0.5701661109924316
0.3569822907447815
0.6128029227256775
0.6945247054100037
-0.6301504969596863
0.8023253679275513
0.3217886984348297
-0.41651564836502075
-0.1797724813222885
0.467589795589447
-0.11371850967407227
0.5323382616043091
0.5282544493675232
0.5947684049606323
0.6199527978897095
0.5238709449768066
0.5300326347351074
0.7722984552383423
0.6570229530334473
0.1417941451072693
-0.13669723272323608
-0.38835257291793823
0.3367062509059906
0.37845635414123535
0.7498242855072021
0.5444331169128418
0.7195225954055786
0.8402878642082214
0.5030080080032349
0.8198321461677551
0.035104911774396896
0.41996005177497864
0.735966145992279
0.7508297562599182
0.43535029888153076
-0.040129270404577255
0.9282926917076111
0.166445791721344
0.14997366070747375
-0.11729225516319275
-0.021919507533311844
-0.3053564429283142
-0.3415946960449219
-0.44771265983581543
0.6550847887992859
0.6788300275802612
0.11704674363136292
0.7538990378379822
-0.29509237408638
0.7511520385742188
0.6124750375747681
0.09171703457832336
0.5860551595687866
0.4632607102394104
0.4277292788028717
0.652051568031311
0.5498956441879272
0.25886422395706177
0.010951921343803406
0.44874703884124756
-0.551423966884613
0.6947528123855591
0.6519861221313477
0.5296080112457275
0.8340195417404175
0.3491573929786682
-0.7437967658042908
0.8137068152427673
0.0019616298377513885
0.6341337561607361
0.6671052575111389
-1.6653944253921509
0.4158107042312622
0.30448785424232483
-0.3739858865737915
0.5417652130126953
-0.05373178794980049
0.31470417976379395
0.03245678171515465
0.5663986802101135
0.48802322149276733
0.6342697143554688
0.5740834474563599
0.4898943305015564
0.6231421232223511
0.18470154702663422
0.3573027551174164
0.7846725583076477
0.22548991441726685
0.29031917452812195
0.2518955171108246
-0.35541826486587524
0.019644763320684433
0.29918333888053894
0.3313549757003784
0.36998823285102844
0.3989638090133667
0.522086501121521
0.7172117829322815
0.66072016954422
-0.36911672353744507
0.7537480592727661
0.9306050539016724
0.7496091723442078
0.8013347387313843
0.6151833534240723
0.44102540612220764
-0.18425479531288147
0.717475950717926
0.6653329133987427
0.1906343549489975
-0.04539879411458969
0.6829071044921875
0.29215970635414124
0.7658674716949463
0.6300652623176575
0.743800699710846
0.6711685061454773
-0.02449173852801323
0.21654003858566284
0.3309817314147949
0.692589282989502
0.35115015506744385
0.09760597348213196
0.7479771375656128
0.4965747594833374
-0.6463538408279419
0.7026442289352417
0.41588473320007324
-0.061826191842556
0.5057504773139954
-0.02911391481757164
-0.2649185061454773
0.38196876645088196
0.8956518173217773
0.7937729358673096
0.6687095165252686
-0.10183338820934296
0.7498823404312134
0.5526221990585327
0.29215124249458313
-0.08741182088851929
0.5289437174797058
0.8113459944725037
0.4140319228172302
0.7781172394752502
0.7837011814117432
0.23019731044769287
0.47636961936950684
0.20285266637802124
0.6272891759872437
0.629929780960083
0.725614070892334
0.8531734943389893
0.41201362013816833
-0.4355658292770386
0.2686755061149597
0.16932448744773865
0.8881350159645081
0.052697207778692245
0.6426501274108887
-0.24555182456970215
0.3779682219028473
0.15321549773216248
0.5293629765510559
0.48744016885757446
0.7472763061523438
0.4439798593521118
0.5409314632415771
-1.1701384782791138
0.6807266473770142
0.7271777391433716
0.6674669981002808
0.38049784302711487
0.7210322022438049
0.7210314273834229
0.8323954343795776
-0.059450071305036545
0.49364352226257324
0.04363382235169411
0.27734309434890747
0.6936460137367249
0.2805413007736206
-0.026699740439653397
0.27690598368644714
0.7399235367774963
0.6909471154212952
-0.5659284591674805
0.47706472873687744
0.13757936656475067
-0.051530871540308
-0.1034441590309143
0.7466250061988831
-0.6451271772384644
0.46145015954971313
0.7456710338592529
0.05120206996798515
0.6759607791900635
0.8620770573616028
0.20840176939964294
0.6916084289550781
-0.24618515372276306
-0.5074959993362427
-0.017607200890779495
0.6723052859306335
0.5368130803108215
0.7005773782730103
-2.0955324172973633
0.44926729798316956
0.6965736150741577
0.5634288191795349
-0.6013965606689453
-0.11423444747924805
-0.7646570801734924
0.6932427883148193
0.6579333543777466
-0.8504831790924072
0.736758291721344
0.4438633918762207
0.5957476496696472
-0.35455599427223206
0.6591994166374207
0.7221980690956116
0.4855242967605591
0.37425118684768677
0.7761788368225098
0.6484068036079407
0.4220466613769531
0.6449402570724487
0.13150569796562195
0.4468713402748108
0.7844936847686768
0.42607638239860535
-0.6194279789924622
0.6709189414978027
0.4103480279445648
0.3517197370529175
0.7969573140144348
0.8301699161529541
0.14279240369796753
0.6440955400466919
-0.4337453246116638
0.5750768184661865
0.3732020854949951
0.8086261749267578
0.5481758713722229
-0.042126480489969254
0.5596891045570374
-0.6250969171524048
0.47444581985473633
0.795267641544342
0.600247323513031
0.5799776911735535
0.8250184059143066
-1.8728728294372559
0.7904796004295349
0.5978659987449646
0.6999371647834778
0.6071177124977112
0.6277838349342346
0.2312440574169159
0.46845418214797974
0.5863179564476013
0.15706293284893036
0.537606418132782
0.20316845178604126
0.7434046864509583
0.6344050765037537
-0.06195582076907158
0.6034614443778992
-0.5666911005973816
0.17393361032009125
0.3098233938217163
0.4684554934501648
-0.3629598915576935
0.6552770137786865
0.5405572056770325
0.2292918562889099
0.4785216450691223
0.15366405248641968
0.603813648223877
-0.6875183582305908
0.6532185077667236
0.06418295204639435
0.23198246955871582
0.75135338306427
-0.12019757926464081
0.7971471548080444
0.6027079224586487
0.20818933844566345
1.0706403255462646
0.05240357294678688
0.5061939358711243
0.546840488910675
0.7476336359977722
0.2011057436466217
0.362917423248291
0.7933550477027893
0.6280733942985535
-0.05948222801089287
0.3457953929901123
0.5207014083862305
0.7871863842010498
0.6564905643463135
0.48646271228790283
0.7106711268424988
0.680800199508667
0.039002690464258194
0.538676917552948
0.5344597697257996
0.8181735873222351
0.5215414762496948
0.7272499799728394
0.6598675847053528
0.8505421280860901
0.6982396841049194
0.4440153241157532
0.732109546661377
0.5060396194458008
0.6692866683006287
0.8469208478927612
0.7612543702125549
0.5256336331367493
-0.3294205069541931
0.767868161201477
0.7843870520591736
0.45322948694229126
0.038276005536317825
-0.3041364252567291
0.8141963481903076
0.723727822303772
0.6438686847686768
-0.10813970863819122
0.6105768084526062
-0.03162016347050667
0.19874000549316406
0.7302088141441345
-0.15530583262443542
-0.030608482658863068
0.822472870349884
0.8332847952842712
0.7784028649330139
0.4045109450817108
0.6090137958526611
0.2504776418209076
0.1232464611530304
0.629141092300415
0.8479878306388855
-0.3334980010986328
0.57590252161026
0.6569746732711792
0.20420002937316895
0.5806190371513367
-0.5451011061668396
0.4830402731895447
0.33060041069984436
0.6465339660644531
0.3904237747192383
0.16183915734291077
-0.16364431381225586
0.5526741743087769
0.7341848611831665
0.5183929800987244
0.8100486397743225
0.7053391933441162
0.7820730805397034
0.21503522992134094
0.6123629808425903
0.5857720971107483
0.5158579349517822
0.7271739840507507
0.4601309299468994
0.6286007761955261
-0.013782192021608353
0.2987012565135956
0.6506854891777039
0.7956854104995728
-0.43426114320755005
0.2479860782623291
0.43957290053367615
0.377376526594162
0.5798418521881104
0.6182841062545776
0.9967767596244812
0.19920267164707184
-0.41660165786743164
0.031431060284376144
0.6770605444908142
0.870100200176239
0.44278350472450256
0.8906792998313904
0.7938727736473083
0.783593475818634
0.5973286628723145
0.03409523889422417
0.29142671823501587
-0.211287260055542
0.7458242774009705
0.6359950304031372
0.07392480969429016
0.6697004437446594
0.5765718817710876
0.6062894463539124
0.646906852722168
-0.2585122287273407
-0.13972021639347076
0.5663799047470093
0.771988570690155
0.7575993537902832
0.053485143929719925
0.7748500108718872
-0.023677367717027664
-0.41514381766319275
0.573988139629364
0.7925985455513
0.2366420030593872
0.6500169038772583
0.3585019111633301
0.7340642213821411
0.8359912633895874
0.5872422456741333
0.35719501972198486
0.741581380367279
0.7013465166091919
0.4160917103290558
0.6299405694007874
0.5735127925872803
0.500725507736206
0.7148834466934204
-0.5900550484657288
0.04817797616124153
0.5873205661773682
0.6865566968917847
-0.1768985092639923
0.720559298992157
0.7280803322792053
0.6736534833908081
0.23682883381843567
0.6151978373527527
0.7936983704566956
0.4259745180606842
0.586722731590271
0.5701583027839661
0.49917542934417725
0.3390626311302185
0.3088435232639313
0.5895742177963257
0.7964267134666443
0.5787807106971741
0.5366409420967102
0.7109254598617554
0.7864510416984558
0.6763849258422852
-0.3465591073036194
0.1351151317358017
0.6379441618919373
0.7868075966835022
0.9021809697151184
0.40249595046043396
0.6368798017501831
-0.11382175981998444
0.6158036589622498
0.4584369659423828
0.2360670566558838
0.7658782601356506
0.5109527707099915
0.018479596823453903
0.6571812629699707
0.11457063257694244
0.6940178871154785
0.21369820833206177
0.6448763608932495
0.3858151435852051
0.4584401249885559
0.6604735255241394
0.3565467298030853
0.5121374726295471
0.8121068477630615
-0.4119725823402405
0.6355418562889099
0.5747979283332825
0.7640897035598755
0.43073493242263794
0.06745851039886475
0.646770179271698
-0.12609274685382843
0.6931973695755005
0.6318013668060303
0.35205623507499695
0.6192797422409058
0.6115294098854065
0.773021399974823
0.22081443667411804
0.6408149003982544
0.41972389817237854
-0.5255676507949829
0.7411667108535767
0.6506946682929993
0.6547455191612244
0.4761255979537964
0.6136768460273743
0.6446793675422668
0.45648282766342163
-0.9594805836677551
0.5899659991264343
0.725457489490509
0.46846890449523926
0.7960957884788513
-0.0953449085354805
0.6600690484046936
0.6904763579368591
-0.4093030095100403
0.18715976178646088
0.8126349449157715
0.6806816458702087
0.10521826148033142
0.5015947818756104
0.735604465007782
0.14263615012168884
0.4016943573951721
0.8329455852508545
-0.1412556916475296
0.10238237679004669
0.5415054559707642
0.5383955836296082
0.781859278678894
-1.4143890142440796
-0.499986469745636
0.7810928821563721
0.5402197241783142
0.8267912864685059
0.6826955080032349
0.39438605308532715
0.3802904188632965
-0.28306227922439575
0.5628593564033508
0.4889012575149536
0.2724842429161072
0.5608702301979065
0.5979269742965698
0.009084690362215042
-0.23662900924682617
0.24143874645233154
0.6389495730400085
0.8969724178314209
-0.2101074457168579
0.6925585865974426
0.6832460761070251
0.6496145129203796
-0.2601867616176605
-0.4146208167076111
0.1988758146762848
0.5963453054428101
0.5894972681999207
0.6858752965927124
0.8132190108299255
0.2592846155166626
0.46433138847351074
0.42819944024086
0.431463360786438
0.4452919065952301
0.6820870041847229
0.06978785991668701
-0.18390189111232758
0.19296908378601074
0.2554074823856354
-0.5918349623680115
0.8035591840744019
0.3199467360973358
0.722450315952301
0.5907331109046936
0.5889281630516052
0.7618310451507568
-0.5228407382965088
0.7209960222244263
0.8871474266052246
-0.05027475580573082
0.8767954707145691
0.7143123149871826
0.582516074180603
0.74366694688797
0.7965317964553833
0.5476197600364685
-0.3328527808189392
0.4354727864265442
-1.168005347251892
0.7550259828567505
0.8193826675415039
0.820762574672699
0.08499222993850708
0.6212031841278076
-0.24191589653491974
0.7480038404464722
0.7864177823066711
-0.08622799813747406
0.7286295890808105
-0.15843844413757324
0.6003174185752869
0.7909000515937805
0.5514482259750366
0.6185652613639832
0.5983328819274902
0.571709394454956
0.6223297715187073
0.03300151601433754
0.787328839302063
0.324796199798584
0.7891616225242615
0.4467927813529968
-0.5175067186355591
-0.4035310447216034
0.21872276067733765
-0.0808168351650238
0.5112188458442688
0.8150477409362793
-0.22144298255443573
0.551085889339447
0.6750269532203674
0.5652136206626892
-0.4770227074623108
0.7266827821731567
0.275074303150177
0.6030330657958984
-1.051095724105835
0.6721783876419067
-0.2492658942937851
-0.3735390305519104
0.05369304493069649
0.32445159554481506
0.06885544955730438
0.26275503635406494
0.3886394500732422
0.6159588694572449
0.23226657509803772
0.5506618022918701
0.6291647553443909
0.7531951665878296
0.5694194436073303
0.8090348839759827
0.1982506513595581
0.5029658675193787
0.677334189414978
0.5073957443237305
0.49503785371780396
0.06183672323822975
0.5244288444519043
-0.5415117144584656
0.7822051048278809
-0.6883494853973389
0.8226916790008545
0.7721856832504272
0.815872311592102
0.5908425450325012
-0.045507241040468216
0.40926429629325867
0.30488285422325134
-0.3312950134277344
0.8415707945823669
0.4146527647972107
0.4073803126811981
0.7237452864646912
-0.25967028737068176
0.12277060747146606
0.7099950313568115
0.5086988806724548
0.48000049591064453
0.6106218695640564
-0.04321225360035896
-0.1250273883342743
0.4897022843360901
-0.6282042264938354
0.2344977855682373
0.17125742137432098
0.7399060130119324
0.7516770362854004
0.45541834831237793
0.8544295430183411
0.7587018609046936
0.8590266108512878
0.6191856861114502
-1.3978586196899414
-0.20081812143325806
0.4031583070755005
0.6379942893981934
0.5765637159347534
0.7177645564079285
0.38862258195877075
0.07348823547363281
0.7332077622413635
0.02657429501414299
-0.4987306594848633
0.15984827280044556
0.704524040222168
0.48529136180877686
0.34408944845199585
0.6224504709243774
0.7127232551574707
0.5714730620384216
-0.06983951479196548
0.5745394229888916
-0.39672768115997314
0.598344624042511
-0.11594277620315552
0.7359685301780701
-0.7418138980865479
0.4091029167175293
0.5909731388092041
0.1215231716632843
0.7064676880836487
0.1791038066148758
-0.23702141642570496
0.7514623999595642
-0.033430490642786026
0.656012237071991
-0.48488402366638184
0.5447741746902466
0.24896913766860962
0.32505878806114197
-1.4746417999267578
0.2683408856391907
0.0037965402007102966
0.36068621277809143
0.36363282799720764
0.8400432467460632
0.5820229053497314
0.29119449853897095
0.44024035334587097
0.6260269284248352
0.40801048278808594
0.4955037236213684
-0.04392733797430992
0.831085741519928
0.7689549326896667
-0.7883866429328918
0.6001599431037903
0.2085336148738861
-0.09226515889167786
0.6255401372909546
0.6861976385116577
-0.16524671018123627
0.24124720692634583
-2.0105297565460205
0.5853201746940613
0.35761499404907227
0.781989574432373
-0.6139363646507263
0.6241788268089294
0.5808371901512146
0.6524090766906738
0.15581795573234558
-0.5077181458473206
0.551516592502594
0.670292317867279
0.5071112513542175
0.7989864349365234
0.6007692813873291
0.6702019572257996
0.4548761248588562
0.3425372540950775
0.825674295425415
-0.2794439196586609
-0.436464786529541
-0.26333197951316833
0.6099475026130676
-1.7341355085372925
0.8716967105865479
0.5127533674240112
0.5781236290931702
0.8197895288467407
0.17719051241874695
0.505915105342865
0.16391567885875702
0.5085494518280029
0.16630594432353973
0.050589609891176224
0.40871238708496094
0.7485081553459167
0.7111235857009888
0.20619207620620728
-0.07834398746490479
0.7105464935302734
