-0.40316635370254517
-1.029946208000183
-1.0752451419830322
-0.9709711074829102
-0.2256791889667511
0.42024075984954834
-1.2471040487289429
-0.5481898784637451
-1.1110708713531494
-0.2921735644340515
-1.2375781536102295
-0.642789363861084
-0.9870599508285522
-0.5899271965026855
-0.4932447075843811
-0.9576090574264526
-0.5279899835586548
-1.7202165126800537
-1.2703341245651245
-0.7086547613143921
-0.7229419946670532
-1.119089126586914
-1.1498048305511475
-1.5787795782089233
-0.9795988202095032
-0.7052006125450134
-0.21188081800937653
-1.028058648109436
-1.1133263111114502
-1.2512216567993164
-1.2350807189941406
-1.1894090175628662
-1.1257622241973877
-1.0945911407470703
-1.1539554595947266
-0.44984301924705505
-0.8464568257331848
-0.7998977899551392
-1.0261945724487305
0.02998131886124611
-0.7465741038322449
-0.537164568901062
-0.8887724280357361
-0.9686318039894104
-0.7310102581977844
-1.7910869121551514
-0.9976474046707153
-1.0387974977493286
-1.0915411710739136
-0.8083679676055908
-1.052514672279358
-1.1673349142074585
-0.810391902923584
-0.8044267892837524
-0.6326838731765747
-0.5543860793113708
-1.4336223602294922
-1.487184762954712
-0.641645073890686
-0.9226594567298889
-1.1246249675750732
-0.7134221792221069
-1.0668944120407104
-0.4149112403392792
-0.43018221855163574
-0.9453306198120117
-1.549062728881836
-1.1377947330474854
-1.0661232471466064
-0.7045650482177734
-0.7823562622070312
-0.9701831340789795
-0.4161643981933594
-0.7224735617637634
-1.074245810508728
-0.4159191846847534
-0.8335715532302856
-1.456925868988037
-0.6532964706420898
-0.935462474822998
-0.5941666960716248
-1.623753547668457
-0.666852593421936
-0.7864065170288086
-0.9394149780273438
-0.4686131775379181
-0.8928573727607727
-0.8857088088989258
-0.9662439227104187
-0.643277108669281
-1.7055855989456177
0.46027570962905884
-0.7670950293540955
-1.1229772567749023
-0.22112080454826355
-1.181308627128601
-0.9669838547706604
-0.6781654953956604
-0.5287668108940125
-0.8832300901412964
-0.9964724183082581
-0.6911585330963135
-0.6254352927207947
-0.6329217553138733
-0.6059483885765076
-1.1937693357467651
-0.972610592842102
-0.5385109186172485
-0.873866081237793
-1.0832594633102417
-0.9722172617912292
-1.1505075693130493
-0.373318076133728
-1.331774353981018
-1.0991270542144775
-0.17753267288208008
-1.166542410850525
-1.1350340843200684
-0.8777911067008972
-0.682723879814148
-0.833653450012207
-0.4928247034549713
-0.2759074568748474
-0.774535596370697
-1.069556474685669
-1.0344923734664917
-1.105078101158142
-0.9258073568344116
-0.9619001150131226
-1.0656934976577759
-0.5966619253158569
-1.1067551374435425
-0.6537625789642334
-0.6251010894775391
-0.8442814946174622
-1.9613687992095947
-0.740446150302887
-0.6801339387893677
-0.9523094296455383
-0.9762811064720154
-1.1337170600891113
-0.9329895377159119
-1.0886987447738647
-0.9084660410881042
-1.5876100063323975
-1.1536067724227905
-0.7989910840988159
-0.9974645376205444
-0.9576259255409241
-0.5349729061126709
-1.0196096897125244
-0.871178925037384
-0.4840264916419983
-1.022458553314209
-0.48845377564430237
-0.9206708073616028
-0.6685819625854492
-0.9980642795562744
-0.41117995977401733
-0.7231337428092957
-1.7209692001342773
-0.914430558681488
-0.7635772824287415
-0.862030565738678
-0.4005131423473358
-1.4338290691375732
-0.9057264924049377
-1.086512565612793
-1.0384951829910278
-0.9447119832038879
-0.9731065630912781
-0.7461570501327515
-0.821564793586731
-0.5802249312400818
-0.8382501602172852
-0.9081491827964783
-0.18508797883987427
-0.900431215763092
-0.9043689370155334
-1.1352289915084839
-1.1453019380569458
-1.0227141380310059
-0.7579612135887146
-0.9780705571174622
-0.6077006459236145
-1.264237880706787
-0.7356920838356018
-1.0338791608810425
-0.8959543108940125
-1.1243020296096802
-1.0786566734313965
-0.9407021403312683
-0.9523094296455383
-0.9318797588348389
-0.7624481320381165
-0.8241034150123596
-0.8069683909416199
-0.7074189782142639
-0.21351538598537445
-0.6556941866874695
-0.9091179966926575
-1.0631660223007202
-0.6376436352729797
-0.7368674874305725
-0.9792500138282776
-0.6877321004867554
-0.8527394533157349
-0.032327793538570404
-0.7033080458641052
-1.1578556299209595
-0.6778281331062317
-0.7360902428627014
-1.0562968254089355
-1.1561816930770874
-1.6429163217544556
-1.31517493724823
-0.6286094784736633
-0.687494695186615
-0.9293597936630249
-1.0165742635726929
-1.6042672395706177
-1.3665239810943604
-1.397169828414917
-0.8361722826957703
-1.2833384275436401
-1.2557103633880615
0.1305268555879593
-0.8505122065544128
-1.0858196020126343
-1.0146507024765015
-0.6969749927520752
-0.6694800853729248
-0.5996954441070557
-0.29176759719848633
-1.1037927865982056
-1.1259667873382568
-0.7965900301933289
-0.3403167426586151
-0.5699323415756226
-0.9415783882141113
-0.07911816239356995
-0.6319013237953186
-0.4524012506008148
-1.0103892087936401
-0.9286499619483948
-0.4928569197654724
-1.0625312328338623
-0.9555765986442566
-1.1078739166259766
-1.1058639287948608
-0.6243313550949097
-0.625790536403656
-0.8568645119667053
-1.230013370513916
-1.0542658567428589
-0.8915992379188538
-1.579158902168274
-1.2504127025604248
-0.9987627863883972
-0.955612301826477
-0.9854591488838196
-0.43132972717285156
-0.6780819892883301
0.36896413564682007
-0.8084669709205627
-0.6394453644752502
-0.8175531029701233
-0.6605004072189331
-0.42127877473831177
-0.9282572269439697
-1.0567097663879395
-1.1831947565078735
-1.6635982990264893
-0.8509092926979065
-1.3304133415222168
-1.0618999004364014
-0.856136679649353
-1.1210685968399048
-0.9668095111846924
-1.112505316734314
-0.6458815336227417
-1.0046032667160034
-0.6790117621421814
-1.0506165027618408
-0.9970507025718689
-0.3104165494441986
-1.1551915407180786
-0.8581464886665344
-1.012065052986145
-1.2407493591308594
-0.8038221001625061
-0.39647722244262695
-0.6481748223304749
-0.9134889245033264
-0.9008934497833252
-1.240522861480713
-1.6424283981323242
-1.0025023221969604
-0.9058466553688049
-0.8381447196006775
-1.0469108819961548
-1.7909903526306152
-0.5411520004272461
-1.1981110572814941
-1.7304105758666992
-1.5203028917312622
-0.7273271083831787
-1.1420096158981323
-1.1837778091430664
-1.0123307704925537
-0.8113952875137329
-1.1151127815246582
-1.10700261592865
-1.3958443403244019
-1.033677577972412
-0.9917588233947754
-1.1841480731964111
-0.36332443356513977
-0.7237961292266846
-1.2397918701171875
-1.1818733215332031
-1.6725279092788696
-0.6620928645133972
-0.7778283953666687
-0.7614892721176147
-1.0721017122268677
-1.3041644096374512
-1.1536988019943237
-1.1182806491851807
-0.8785107731819153
-1.401666283607483
-1.0834760665893555
-0.05999915674328804
-1.3643306493759155
-1.0804697275161743
-0.9269979596138
-1.0851844549179077
-0.7094984650611877
-0.6202831864356995
-1.5935134887695312
-0.7199559211730957
-0.2845749855041504
-1.11162531375885
-0.6575493812561035
-0.7896277904510498
-0.8734395503997803
-1.1314616203308105
-0.9910087585449219
-0.25978684425354004
-1.0525051355361938
-1.1124461889266968
0.37194663286209106
-1.0249874591827393
-1.7208601236343384
-0.4796707034111023
-1.5363612174987793
-0.961930513381958
0.3300941288471222
-1.3587654829025269
-0.5886620879173279
-0.24801549315452576
-0.8764848709106445
-0.8207919001579285
-0.7485650777816772
-0.9180603623390198
-0.4740971326828003
-1.1142867803573608
-0.9447013139724731
-1.1246058940887451
-1.1295461654663086
-0.9736084938049316
-1.2221837043762207
-1.216983675956726
-0.8100347518920898
-0.5788107514381409
-1.0961353778839111
-1.614520788192749
-0.7907873392105103
-0.2210744321346283
-0.46157553791999817
-0.8109357953071594
-0.9908559322357178
-1.09108304977417
-0.5964459180831909
-0.9597048759460449
-0.5126928091049194
-0.34566113352775574
-0.9852101802825928
-1.1833184957504272
-1.0325731039047241
-0.7538979649543762
-1.0446523427963257
-0.9727954268455505
-1.2325268983840942
-0.7188756465911865
-0.8660100698471069
-1.054003119468689
-0.5133596062660217
-0.1914701908826828
-1.4321836233139038
-0.9797899127006531
-0.2615048885345459
-0.9275667667388916
-0.3822094798088074
-0.6310362219810486
-0.7659541368484497
-0.7377176880836487
-0.8300031423568726
-0.6087374687194824
-0.9656392931938171
-1.1165131330490112
-0.4220961332321167
-1.025866150856018
-1.4834152460098267
-1.9196321964263916
-0.9134616255760193
-0.8862693905830383
-0.7836829423904419
-1.070953130722046
-1.1451642513275146
-0.9138565063476562
-1.0692178010940552
-1.1053268909454346
-1.5150443315505981
-0.9628527164459229
-1.04117751121521
-0.7253056168556213
-1.0270968675613403
-1.0695077180862427
-0.06613557040691376
-0.19916976988315582
-1.0194919109344482
-1.4878112077713013
-0.8091632127761841
-1.1089143753051758
-1.030540108680725
-0.4570368528366089
-0.928521990776062
-0.8110218048095703
-0.4064076244831085
-0.9509062767028809
-0.3486544191837311
-1.2605534791946411
0.2745400071144104
-0.5085235238075256
-0.7673242688179016
-0.32930970191955566
-0.7663092613220215
-1.0626579523086548
-0.9696658253669739
-1.22862708568573
-1.0355349779129028
-1.1268703937530518
-0.8688748478889465
-1.0911755561828613
-0.8457790017127991
-0.6471444368362427
-1.0634788274765015
-0.5419196486473083
-0.9394826889038086
-0.27195313572883606
-0.2972313165664673
-0.301391065120697
-1.4737892150878906
-1.0336132049560547
-0.514712929725647
-0.951060950756073
-1.114445686340332
-0.8718674778938293
-1.0258017778396606
-0.8446364402770996
0.0006844997406005859
-0.9287212491035461
-1.4481029510498047
-1.0418007373809814
-1.3237100839614868
-0.7530628442764282
-0.5230495929718018
-1.7201335430145264
-0.4080893099308014
-1.1970036029815674
-0.7174457907676697
-1.2214865684509277
-0.24426068365573883
-1.2932002544403076
-0.9624771475791931
-0.826650083065033
-1.2913594245910645
-0.9307543635368347
-0.9536046385765076
0.03207102790474892
-0.9886631369590759
-0.7964093685150146
-0.45596715807914734
-0.8222513198852539
-0.701621413230896
-0.8786081671714783
-0.289573609828949
-1.2924151420593262
-0.6385594606399536
-0.4540247619152069
-0.26137855648994446
-0.47369641065597534
-1.089668869972229
-1.6157643795013428
-0.35288935899734497
-0.17876036465168
-0.18341773748397827
-0.6399248242378235
-1.1596510410308838
-0.4560699462890625
-1.0677763223648071
-0.5033732056617737
-0.3742246627807617
-1.0730259418487549
-1.1872092485427856
-0.7463462352752686
-0.526472270488739
-0.4025626480579376
-1.051416039466858
-0.8805125951766968
-0.8077806234359741
-0.8675360679626465
-1.3024003505706787
-0.9113413095474243
-0.8533102869987488
-0.2850920557975769
-0.30519992113113403
-0.2693694531917572
-1.2531800270080566
-0.9991059303283691
-0.1787959635257721
-1.0154774188995361
-0.38762006163597107
-0.8963737487792969
-1.0913169384002686
-1.1701375246047974
0.2725752592086792
-0.9143746495246887
-1.0850439071655273
-0.3472241163253784
-0.8702218532562256
0.5020570158958435
-0.08312183618545532
-1.1151831150054932
-0.7891799807548523
0.10296851396560669
-0.7526728510856628
-0.41968879103660583
-0.09177206456661224
-0.3158405125141144
-0.7193635702133179
-0.9964619874954224
-1.1649812459945679
-1.2758530378341675
-0.31320953369140625
-0.5791757106781006
-0.9147512912750244
-1.112779140472412
-0.916059672832489
-0.7024765014648438
-1.1528983116149902
-1.030153751373291
-1.057222843170166
-0.7878419160842896
-1.2190005779266357
-1.1249587535858154
-0.8160682916641235
-1.249903678894043
-1.275113821029663
-0.9054500460624695
-0.5205664038658142
-1.3195631504058838
-1.1803828477859497
-1.2291957139968872
-0.2667085528373718
-1.4606212377548218
-1.042376160621643
-0.7589488625526428
-0.5312204360961914
-0.39918816089630127
-0.9224124550819397
-0.8761162757873535
-0.6872368454933167
-1.1394071578979492
-1.414320468902588
-1.0710148811340332
-0.4056316912174225
-0.706352174282074
-1.211540699005127
-1.4538779258728027
-1.1208826303482056
-0.8331843018531799
-0.9108275175094604
-1.631334900856018
-1.1140061616897583
-1.1043245792388916
-0.9980164766311646
-1.140602707862854
-1.0743961334228516
0.11982810497283936
-0.9200195074081421
-0.2989148199558258
0.11917631328105927
-0.9465052485466003
-0.7074427008628845
-1.4140346050262451
-0.10160946846008301
-0.8993773460388184
-0.6417797803878784
-1.2186033725738525
-0.9349024295806885
-0.508643388748169
-0.882973849773407
-1.0043922662734985
-0.6334023475646973
-1.0639901161193848
-0.9141871929168701
-1.0765440464019775
-0.8653303980827332
-1.3322473764419556
-1.051147699356079
-1.1352206468582153
-0.5352533459663391
-0.5406066179275513
-1.2517987489700317
-0.9263192415237427
-0.40276652574539185
-0.6825790405273438
-0.9984483122825623
-0.9649083614349365
-0.41106581687927246
-1.3745366334915161
-0.5684757232666016
-1.1136912107467651
-0.5370100736618042
0.4601289629936218
-0.546157956123352
-0.20471519231796265
-1.2262145280838013
-0.39980125427246094
-1.2034052610397339
-0.7574995756149292
-0.6122464537620544
-0.007480334490537643
-0.9505014419555664
-1.1404227018356323
-0.7883872985839844
-0.6558120250701904
-1.152972936630249
-0.4967372417449951
-1.1057713031768799
-1.348689079284668
-0.8493350148200989
-1.0440477132797241
-0.4684978127479553
-1.169252872467041
-1.193828821182251
-0.43432706594467163
-1.1763739585876465
-0.8889358639717102
-0.7042821049690247
-1.084322452545166
-0.3920835852622986
-0.23965297639369965
0.6233447790145874
-0.8714379668235779
-0.4207848906517029
-1.6547415256500244
0.0949307531118393
-1.3854740858078003
-1.114828109741211
-0.40891483426094055
-0.9968602061271667
-0.5712042450904846
-1.102552056312561
-0.7637826204299927
-0.12338465452194214
-0.9268733263015747
-0.4866875410079956
-1.0518089532852173
-0.934203565120697
-0.9211994409561157
-0.9718055129051208
-0.3753551244735718
-1.3824505805969238
-1.1535786390304565
-1.3438591957092285
-0.758984386920929
-0.615203857421875
-1.2987051010131836
-0.5877997279167175
-1.187110185623169
-1.1255446672439575
-0.7572580575942993
-0.3978150188922882
-0.4807407855987549
-1.0163789987564087
-1.529587984085083
-1.1152534484863281
-1.4702787399291992
-0.7934904098510742
-1.5335898399353027
-0.37803009152412415
-1.1069976091384888
-1.0425089597702026
-0.9249990582466125
-1.088322639465332
-1.0909667015075684
-0.6876935362815857
-0.8190968632698059
-1.1809842586517334
-1.1133943796157837
-1.113390564918518
-0.8659806847572327
-0.9933184385299683
-0.5949960947036743
-0.9819918274879456
-1.2347326278686523
-0.7449386119842529
-0.7125783562660217
-0.43903160095214844
-1.0708651542663574
-1.0964930057525635
-0.2139350175857544
-0.8563064932823181
-0.6940872073173523
-1.458292007446289
-0.4463096261024475
-1.2484129667282104
-0.9701398015022278
-1.0052434206008911
-1.1118496656417847
-0.3066493272781372
-0.7094667553901672
-1.4247491359710693
-0.9447591304779053
-0.8129580020904541
-0.4326213002204895
-0.1819942593574524
-1.3564900159835815
0.3094433844089508
-1.0190465450286865
-0.41905471682548523
-0.9603763222694397
0.05572511628270149
-0.659274160861969
-0.24529875814914703
-0.7747741341590881
-0.8009095788002014
-0.6681239604949951
-0.6945911049842834
-0.47742247581481934
-1.1508878469467163
-0.5663461685180664
-0.9272240996360779
-0.6649259924888611
-0.05036384239792824
-0.725504994392395
-0.7346521615982056
-0.34480297565460205
-1.4707096815109253
-0.939306378364563
-1.048557162284851
-0.8745192885398865
-0.11835905909538269
-0.7711201310157776
-1.1534156799316406
-1.0977013111114502
-1.101420283317566
-1.809869647026062
-1.0721319913864136
-0.8859130144119263
-1.1663219928741455
-0.9849251508712769
-1.6050114631652832
-1.0419448614120483
-0.39580899477005005
-1.1560719013214111
-0.8441281318664551
-1.3280646800994873
-1.0620393753051758
-1.4230576753616333
-0.591151773929596
-1.1945703029632568
-0.591154158115387
-0.72691810131073
-1.3561478853225708
-1.020126461982727
-0.7536826133728027
-0.5583633184432983
-1.0361566543579102
-0.8264476656913757
-0.8183820247650146
-0.20911115407943726
-0.5039248466491699
-1.061079978942871
-0.01795950159430504
-0.42740780115127563
-1.160794973373413
-1.133327603340149
-0.07492585480213165
-0.41439396142959595
-1.216935157775879
-0.5764827728271484
-0.42134177684783936
-1.077782392501831
-1.3028331995010376
-0.9656269550323486
-1.3156155347824097
-0.9644941687583923
-0.9136282801628113
-1.3188378810882568
-1.8386064767837524
-0.8483357429504395
-0.899023711681366
-1.4516299962997437
-0.9103901386260986
-0.6567697525024414
-0.9091458916664124
-0.7931125164031982
-0.6242461800575256
-0.38849493861198425
-0.7266784906387329
-0.40085867047309875
-1.0679291486740112
-0.5188793540000916
-1.0290884971618652
-0.8205137848854065
-1.0865626335144043
-0.949232816696167
-1.3871619701385498
-0.6984726190567017
-0.45630186796188354
-0.3891139030456543
0.013756457716226578
-1.0330908298492432
-0.26365944743156433
-0.7546823620796204
-1.0641120672225952
-0.7987801432609558
-0.8686884641647339
-0.9845789074897766
-0.2357989251613617
-1.214440941810608
-1.1050152778625488
-0.6795125603675842
-0.564264714717865
-1.370715856552124
-1.0592639446258545
-1.0933053493499756
-1.0155770778656006
-0.6116816401481628
-0.14223028719425201
-0.937026858329773
-0.6636185646057129
0.5176619291305542
-1.2652313709259033
-1.0731141567230225
-0.8067348599433899
-0.5487478971481323
-1.0543463230133057
-0.7577522397041321
-0.6580128073692322
-1.0621598958969116
-0.3809976577758789
-0.4766247272491455
-1.0805145502090454
0.2870323956012726
-1.2123956680297852
-1.0001115798950195
-0.9676364660263062
-0.9272996187210083
-1.2079259157180786
-0.8657107353210449
-0.011678207665681839
-1.1238445043563843
-0.35640978813171387
-0.9541046023368835
-0.9520928263664246
-0.4707942008972168
-0.9869573712348938
-0.601905882358551
-0.5605901479721069
-0.5740085244178772
-0.8876333832740784
-1.0111509561538696
-0.9398230314254761
-1.1145048141479492
-0.9262256026268005
-0.7283793091773987
-1.0746783018112183
-1.008987545967102
-0.9725866317749023
-1.2230055332183838
-1.6661139726638794
-0.8848740458488464
-0.9534161686897278
-0.5698310732841492
-1.0225682258605957
-0.6580808162689209
-0.48668280243873596
-0.4837719798088074
-1.2069754600524902
-1.1032148599624634
-0.9543303847312927
-0.9993088841438293
-0.9094621539115906
-0.9000250697135925
-0.9786045551300049
-1.0114667415618896
-1.14595627784729
-0.6430603861808777
-0.9074485898017883
-0.9569142460823059
-0.24561157822608948
-1.097089409828186
-1.0045955181121826
-1.170685052871704
-1.03616464138031
-0.9324079751968384
-0.8733999133110046
-1.1875956058502197
-1.7180110216140747
-0.33977243304252625
-0.5199845433235168
0.6664361953735352
-0.7739259004592896
-0.8312181830406189
-0.887109637260437
-0.9146527051925659
-1.3947014808654785
-0.7844656705856323
-1.1913658380508423
-1.040120005607605
-1.0875920057296753
-0.7102752923965454
-1.1463916301727295
-0.8080002069473267
-1.253896713256836
-0.04922369122505188
-0.9129745960235596
0.11789862811565399
-0.8253099322319031
-1.292795181274414
-1.0832148790359497
-0.20396485924720764
-0.9809853434562683
-0.24050579965114594
-0.7286613583564758
-0.4306004047393799
-0.07572740316390991
-1.1035631895065308
-1.030593752861023
-1.1300806999206543
0.058054786175489426
-1.0602813959121704
-0.8324764966964722
-0.6490660309791565
-0.7958784699440002
-0.5123677253723145
-0.6999585032463074
-1.1216710805892944
-1.320104956626892
-0.7523176074028015
-1.0660982131958008
-1.1156954765319824
-0.5768154263496399
-1.0118359327316284
-1.2087516784667969
-0.7678390741348267
-0.27389922738075256
-0.5527521967887878
-1.1740797758102417
-0.9727720618247986
-0.944822371006012
-0.39421042799949646
-0.624439001083374
-0.4094122648239136
-0.3301966190338135
-0.8693605065345764
-1.0712416172027588
-1.2334128618240356
-1.202860951423645
-0.8928157091140747
-1.0689113140106201
-1.567071795463562
-1.282580852508545
-0.9243851900100708
-1.0373867750167847
-1.1200263500213623
-0.4265012741088867
-1.48995041847229
-0.9871653318405151
-0.6492195725440979
0.6979740858078003
-0.4625796377658844
-0.7861567139625549
0.6260436177253723
0.032626595348119736
-0.8394637703895569
-2.468649387359619
-0.8783441185951233
-0.3430744409561157
-1.27933669090271
-1.5555311441421509
-1.1114100217819214
-0.6376577019691467
-0.9480656981468201
-0.9727203845977783
-0.9414461255073547
-0.9983980655670166
-0.549358606338501
-1.2996587753295898
-1.1413906812667847
-1.0940386056900024
-0.4636707603931427
-1.1923049688339233
-0.8738138675689697
-0.8089743852615356
-0.5496729612350464
-1.1346275806427002
-0.9711100459098816
-0.3801099359989166
-0.6308833956718445
-0.9147161245346069
-0.5782825946807861
-0.80043625831604
-1.2140015363693237
-1.0224181413650513
-0.25551605224609375
-0.37752336263656616
-0.7848255038261414
-1.1094353199005127
-0.9016153216362
-1.110214114189148
-0.43824613094329834
-0.8400992751121521
-0.6257572174072266
-1.4189636707305908
-0.9603735208511353
-1.0000288486480713
-0.6838350892066956
-0.7784665822982788
-1.1398440599441528
-0.06431974470615387
-0.18273550271987915
-0.9222631454467773
-0.7917795181274414
-0.6937629580497742
-1.2332115173339844
-1.0656583309173584
-0.838333785533905
-1.2845466136932373
-0.9253706336021423
-1.3568233251571655
-1.1966922283172607
-1.0522769689559937
-0.5859052538871765
-0.45541059970855713
-0.5695363879203796
-0.1122083067893982
-1.264225721359253
-1.0009021759033203
0.03172333911061287
0.12033331394195557
-1.0048402547836304
-0.07640175521373749
-1.1791406869888306
-1.1120692491531372
-1.2071144580841064
-1.2029838562011719
-0.3040679395198822
-0.9023370146751404
-1.0622408390045166
-0.34484386444091797
-0.7060475945472717
-0.9722947478294373
-0.6578764319419861
-1.1254099607467651
-0.5358918905258179
-0.9242038130760193
-0.9014298915863037
-0.7108610272407532
-0.3567448854446411
-0.8866705298423767
-0.5960783362388611
-0.9573701024055481
-0.9471012353897095
-1.041500449180603
-0.4527305066585541
-1.0755937099456787
-0.8167434334754944
-1.1400105953216553
-0.9456301927566528
-0.9604464769363403
-1.8906471729278564
-0.42523428797721863
-0.44788506627082825
-1.0694454908370972
-1.005151391029358
-0.7225351929664612
-1.134552001953125
-0.9920783638954163
-0.38748547434806824
-0.7353487014770508
-1.069352388381958
-0.8507323861122131
-1.8453422784805298
-0.7133188843727112
-1.5819666385650635
-1.6036779880523682
-0.7703123092651367
-0.7170431017875671
-0.7733286619186401
-0.47870945930480957
-1.1591558456420898
-0.9491430521011353
-1.038028597831726
-1.186702013015747
-1.16835618019104
-1.1419037580490112
-0.23907937109470367
-0.7368375658988953
-1.0860354900360107
-0.4489976465702057
-0.5851584076881409
-0.9153468608856201
-0.95096755027771
-1.4048066139221191
-1.0017004013061523
-1.024145245552063
-0.5218268632888794
-1.1583125591278076
-1.118860125541687
-0.9092479348182678
-1.0821233987808228
-1.3046607971191406
-0.7857230305671692
-0.9208117127418518
-0.2935623228549957
-1.7266831398010254
-1.1894410848617554
-0.7809282541275024
-0.7280611395835876
-0.9694595336914062
-1.0310962200164795
-0.7250656485557556
-1.015226125717163
-1.3212627172470093
-1.110008716583252
-0.8340075612068176
-0.9304711222648621
-0.7021127343177795
-0.44455868005752563
0.30057066679000854
-1.0472614765167236
-1.215340256690979
-0.8995210528373718
