-0.2166222631931305
0.6571969985961914
0.7315354943275452
-0.3879050612449646
-0.09441982209682465
0.5989274382591248
0.3845008313655853
0.2850969731807709
-0.6227093935012817
0.6215041279792786
0.8612569570541382
0.3729959726333618
0.6396426558494568
0.322937548160553
0.6394065618515015
0.42858004570007324
0.3614066243171692
0.6466050148010254
0.7437943816184998
0.71410071849823
0.7884253859519958
0.7856362462043762
0.12450551986694336
0.21889564394950867
-0.3855774402618408
0.533012330532074
0.6133391261100769
0.45247524976730347
0.7022905945777893
0.798008918762207
0.41880694031715393
0.05738719180226326
0.679753303527832
-0.27643343806266785
0.5216865539550781
0.4130159616470337
0.37493395805358887
0.6473206877708435
0.41765516996383667
0.19116483628749847
-0.41025441884994507
0.5654642581939697
0.7651262283325195
0.7933725714683533
0.5714997053146362
0.856380820274353
0.6667945981025696
0.5401994585990906
0.13117268681526184
0.4060223698616028
0.5631805658340454
-0.6611970067024231
0.5008556246757507
-0.22902187705039978
0.3505457937717438
-0.01791270822286606
-0.04341289773583412
0.598598062992096
0.5491025447845459
-0.25193342566490173
0.30357956886291504
0.7398191094398499
0.45995020866394043
0.6330191493034363
0.7834924459457397
0.10978367924690247
0.3402518630027771
0.6993085145950317
0.7590199112892151
0.37911903858184814
-0.4007886052131653
0.5853317379951477
0.30567243695259094
0.19578775763511658
-0.1287834346294403
0.6097813844680786
-0.17785418033599854
0.8269742727279663
-1.1439241170883179
0.6137140989303589
0.7946634292602539
0.8797416687011719
0.7488448023796082
-0.18023240566253662
0.2371806502342224
0.6870331764221191
0.5494484305381775
0.6250395178794861
0.6306759119033813
-0.12619544565677643
0.5249744057655334
0.08641907572746277
0.6111733913421631
-0.02989071235060692
0.5376338958740234
0.6888487935066223
0.7608188390731812
-0.4183984398841858
0.7582077383995056
0.5982978940010071
0.49531519412994385
0.8593676686286926
0.8821402192115784
-0.2306094467639923
0.5283286571502686
0.41845202445983887
0.7553246021270752
0.6971940994262695
0.0005577243864536285
0.023676443845033646
0.588270902633667
0.583254873752594
0.6889069676399231
0.6231853365898132
0.8378584980964661
0.8197964429855347
0.6285221576690674
0.4828934669494629
0.7528753876686096
0.22440871596336365
0.2802319824695587
-0.04008612409234047
0.6740631461143494
0.6677908301353455
0.4824390411376953
-1.051101803779602
0.7316086888313293
0.648688554763794
0.20068854093551636
0.6223161220550537
0.7840685248374939
0.22662174701690674
0.6946306228637695
0.7987068891525269
0.6840030550956726
0.765112578868866
0.6681829690933228
-0.22626040875911713
0.4768710136413574
0.7062109112739563
-0.0023308061063289642
0.7616898417472839
0.7159850001335144
0.23317411541938782
0.45886921882629395
0.6270416378974915
0.7241552472114563
0.4045155346393585
0.6837455034255981
0.25426486134529114
0.29884105920791626
0.69253009557724
0.11547109484672546
-1.5832788944244385
0.47709065675735474
0.6398712992668152
0.5321436524391174
0.16398340463638306
0.4433461129665375
-0.10402154922485352
-0.30799269676208496
0.6938332915306091
0.7749057412147522
0.7657002806663513
0.5612276792526245
0.5199717879295349
0.6306453943252563
0.7258839011192322
0.0764349102973938
0.681838870048523
0.7838963270187378
0.3298662304878235
0.43311160802841187
0.5987722873687744
0.4758515954017639
0.834919273853302
0.3922197222709656
0.7723649740219116
-0.5865151286125183
0.6048228740692139
0.634850800037384
0.30385681986808777
-0.06328356266021729
0.7870436310768127
0.2582322657108307
0.4197333753108978
0.4564898610115051
0.34648963809013367
0.7867931723594666
-0.5367817282676697
0.668682873249054
0.7334399819374084
0.4768710136413574
0.4295979142189026
0.612107515335083
0.3760656416416168
0.6055482029914856
0.19630849361419678
0.715003252029419
0.3588451147079468
0.3924732208251953
0.11401358246803284
0.24545222520828247
0.3367226719856262
0.38673901557922363
-0.3880452513694763
0.37855958938598633
0.6268165111541748
0.5163093209266663
-0.1895049810409546
0.7043208479881287
0.5755918622016907
-0.8075840473175049
0.4129665791988373
-0.24116897583007812
0.6398229598999023
0.6142294406890869
0.15434536337852478
0.3260180652141571
0.06100775673985481
0.7422884702682495
0.8045973181724548
0.7582482695579529
-0.3104144036769867
0.690166711807251
0.38490942120552063
0.7505576014518738
0.0701804906129837
0.8917615413665771
0.7027282118797302
0.3717125654220581
0.4966506361961365
0.3083082139492035
0.8398503661155701
0.7145723104476929
-1.768506407737732
-0.4988880157470703
-0.47874724864959717
0.5931555032730103
0.17284321784973145
0.5172455310821533
-0.010496631264686584
0.4327913522720337
-0.257127583026886
0.6733617782592773
0.8593717217445374
0.7592312097549438
0.2910703122615814
-0.5546043515205383
-0.3277339041233063
0.6258895397186279
0.7216328382492065
0.606924831867218
0.6458080410957336
-1.5953161716461182
0.7072890400886536
-0.43108510971069336
0.8742027282714844
0.6210139393806458
0.5993584394454956
0.8243346810340881
0.7014193534851074
-0.28573527932167053
0.1391063928604126
0.5623841881752014
0.20149841904640198
-0.3671038746833801
0.12552616000175476
0.5859622955322266
0.5313752889633179
0.7134301662445068
-0.6964229941368103
0.9006941318511963
0.12540081143379211
0.3174605965614319
0.6487711668014526
0.6648513674736023
0.645013153553009
0.5147650241851807
0.6651641726493835
0.612384021282196
0.5015555024147034
0.4242928624153137
0.6019933223724365
0.5958404541015625
-0.6467148661613464
0.6082178950309753
-1.3979781866073608
0.4907907247543335
-0.6601499319076538
0.4481208622455597
0.28372305631637573
-1.8449031114578247
0.747532069683075
0.6690635085105896
0.618394136428833
0.517301082611084
-0.21889281272888184
0.5120031833648682
0.26305997371673584
0.6389102339744568
-0.5047149658203125
0.4017395079135895
-0.1567140370607376
-0.24082648754119873
0.4982609152793884
0.2404746115207672
0.7965556383132935
0.725669801235199
0.13048285245895386
0.6939728856086731
0.5964975953102112
0.45731431245803833
0.010655555874109268
-0.5185747742652893
0.15244971215724945
0.8362859487533569
0.5095411539077759
-0.03383020684123039
-0.3887282907962799
0.6381437182426453
-0.5676688551902771
0.7139744162559509
-0.645395040512085
0.030057746917009354
0.45493006706237793
-0.28443607687950134
0.604504406452179
0.005495790392160416
-0.012830261141061783
0.6147478818893433
0.782806932926178
0.8572624325752258
0.049942705780267715
0.7679429054260254
0.2360890507698059
0.7707346677780151
-0.09924182295799255
-0.27428188920021057
-0.10107356309890747
0.5167222023010254
0.44961613416671753
0.6660715341567993
0.7789714336395264
-0.14300808310508728
0.1962248831987381
0.6687501668930054
0.7119253277778625
0.7956422567367554
0.38944417238235474
-0.5717279314994812
0.42019984126091003
0.7324126958847046
0.06923976540565491
0.9301010966300964
0.6806414723396301
0.8011481165885925
0.7239822745323181
0.8146565556526184
-0.0349106527864933
0.7433696985244751
0.2291179895401001
0.5834925770759583
0.5750759243965149
0.48710405826568604
0.4520929455757141
0.34342920780181885
0.8077848553657532
0.5944029688835144
0.15668357908725739
0.4677656888961792
0.33121296763420105
0.4613715410232544
0.30008360743522644
0.7303382158279419
0.21486568450927734
0.8477393984794617
-0.17835988104343414
0.5701661109924316
0.3569822907447815
0.09432119131088257
0.6945247054100037
-1.0690038204193115
-0.8382518887519836
0.8776576519012451
0.4365580379962921
-0.1797724813222885
0.467589795589447
-0.22952911257743835
-1.1925679445266724
0.11632987856864929
0.5947684049606323
0.6199527978897095
0.6307313442230225
0.845134973526001
-0.4224191904067993
0.6570229530334473
-0.16511750221252441
-0.13669723272323608
-0.38835257291793823
0.3367062509059906
0.46909433603286743
0.7498242855072021
0.5444331169128418
0.7195225954055786
0.8402878642082214
0.5030080080032349
0.32539936900138855
0.6406210660934448
0.41996005177497864
0.3738650679588318
0.7508297562599182
0.43535029888153076
-0.5148065090179443
0.9282926917076111
0.166445791721344
0.14997366070747375
-0.11729225516319275
-0.021919507533311844
-0.5203596949577332
-0.2660105228424072
-0.44771265983581543
0.6550847887992859
0.6788300275802612
0.11704674363136292
0.7538990378379822
-0.29509237408638
0.3419380486011505
0.6124750375747681
0.09171703457832336
0.5860551595687866
0.4632607102394104
0.4277292788028717
0.652051568031311
0.36909836530685425
0.6721453666687012
0.010951921343803406
0.5498202443122864
0.18878763914108276
0.6947528123855591
0.6519861221313477
0.8167837262153625
0.8340195417404175
0.5382727980613708
-0.8507381677627563
-0.2621256411075592
0.6477007865905762
0.6341337561607361
0.6671052575111389
0.6561513543128967
0.8601610660552979
0.30448785424232483
-0.3739858865737915
0.5417652130126953
0.5715752840042114
0.31470417976379395
0.03245678171515465
0.5663986802101135
0.48802322149276733
0.6342697143554688
0.5740834474563599
0.4898943305015564
0.6451038122177124
0.18470154702663422
0.33230528235435486
0.7846725583076477
0.22548991441726685
-0.19008702039718628
0.10376547276973724
-0.35541826486587524
0.019644763320684433
0.649163007736206
0.3733280301094055
0.36998823285102844
-0.12026044726371765
0.07754187285900116
0.7172117829322815
0.32028862833976746
0.17580202221870422
0.7537480592727661
0.9306050539016724
0.7496091723442078
0.8013347387313843
0.6151833534240723
0.44102540612220764
0.6774507761001587
0.717475950717926
0.6653329133987427
0.1906343549489975
0.5917324423789978
0.6829071044921875
-0.3206936717033386
0.62940913438797
0.5505521893501282
0.743800699710846
0.6711685061454773
-0.23480775952339172
0.21654003858566284
0.3309817314147949
0.692589282989502
0.35115015506744385
0.09760597348213196
0.3811645805835724
0.7025440335273743
-1.493602991104126
0.7026442289352417
0.41588473320007324
-0.061826191842556
-0.1271362006664276
-0.02911391481757164
0.5218380689620972
0.38196876645088196
0.8956518173217773
0.7937729358673096
0.6687095165252686
-0.10183338820934296
0.039442386478185654
0.5526221990585327
0.5278927087783813
-0.63364577293396
0.5936842560768127
0.2799988090991974
0.4140319228172302
0.7781172394752502
0.7837011814117432
0.23019731044769287
0.47636961936950684
0.5719650387763977
0.6272891759872437
0.629929780960083
0.725614070892334
0.8531734943389893
0.41201362013816833
0.17935776710510254
0.2686755061149597
0.3592378497123718
0.8881350159645081
0.15366864204406738
0.6114724278450012
-1.685572862625122
0.15196935832500458
0.10803839564323425
0.5293629765510559
0.48744016885757446
0.7472763061523438
0.4439798593521118
0.5409314632415771
-1.1701384782791138
0.6807266473770142
0.7271777391433716
0.06273387372493744
0.5807652473449707
0.7210322022438049
0.7210314273834229
0.8323954343795776
-0.059450071305036545
0.05476317182183266
0.47146594524383545
0.27734309434890747
0.6918320059776306
0.2805413007736206
-0.026699740439653397
-0.16838529706001282
0.6393097043037415
0.6909471154212952
-0.5659284591674805
0.47706472873687744
0.13757936656475067
-0.051530871540308
-0.1034441590309143
0.7466250061988831
-0.7476457357406616
0.7240815162658691
0.17997142672538757
0.2429209053516388
0.6759607791900635
0.8620770573616028
0.20840176939964294
0.6916084289550781
0.24562644958496094
-0.5074959993362427
0.3182719647884369
0.6723052859306335
0.7541976571083069
0.7005773782730103
-0.8805530667304993
0.44926729798316956
0.6965736150741577
0.3680556118488312
-0.6013965606689453
0.8106693029403687
0.27204447984695435
0.7938523292541504
0.6579333543777466
-0.16613270342350006
0.736758291721344
0.4438633918762207
0.5957476496696472
0.32046398520469666
0.6591994166374207
0.524254322052002
0.4855242967605591
0.37425118684768677
0.7761788368225098
0.6484068036079407
0.4220466613769531
0.816083550453186
0.6994492411613464
-0.8746100664138794
0.7844936847686768
0.8073010444641113
-0.6194279789924622
0.6709189414978027
0.4103480279445648
0.3517197370529175
0.7969573140144348
0.8301699161529541
-0.5314960479736328
0.6440955400466919
-0.4337453246116638
0.5750768184661865
0.3732020854949951
0.8086261749267578
0.5481758713722229
0.09014463424682617
0.5596891045570374
0.8793225884437561
0.47444581985473633
0.795267641544342
0.5672850608825684
0.5799776911735535
0.8250184059143066
-1.8728728294372559
0.7904796004295349
0.5978659987449646
0.6773440837860107
0.6071177124977112
0.6277838349342346
0.23354744911193848
0.46845418214797974
-0.05138850584626198
-0.5043302178382874
0.6590471863746643
0.20316845178604126
0.7434046864509583
0.6344050765037537
0.7026729583740234
0.6034614443778992
-0.4865518808364868
0.17393361032009125
0.3098233938217163
0.4684554934501648
0.5257351994514465
0.6552770137786865
0.5405572056770325
0.2292918562889099
0.12435860931873322
-0.2500099837779999
0.6879081726074219
-0.6875183582305908
0.6532185077667236
0.7915301322937012
-0.20368409156799316
-0.2567617893218994
0.7223418354988098
0.7971471548080444
0.6027079224586487
-0.41148924827575684
1.0706403255462646
0.14787784218788147
0.5061939358711243
0.546840488910675
-0.024216435849666595
0.5044029355049133
-0.4565626084804535
0.7933550477027893
0.6280733942985535
0.25580674409866333
0.3457953929901123
0.5207014083862305
0.29126036167144775
0.6564905643463135
0.48646271228790283
0.7106711268424988
-0.057146526873111725
-0.003682892769575119
0.4256775975227356
0.5344597697257996
0.8181735873222351
0.5215414762496948
0.7272499799728394
-0.30862390995025635
0.8505421280860901
0.6982396841049194
0.4440153241157532
0.6970359086990356
-0.3337247967720032
0.6692866683006287
0.8469208478927612
0.7612543702125549
0.5256336331367493
-0.3294205069541931
0.767868161201477
0.7843870520591736
0.7643797993659973
0.038276005536317825
-0.3041364252567291
0.8141963481903076
0.723727822303772
0.6438686847686768
0.698872447013855
0.6105768084526062
-0.03162016347050667
0.7648666501045227
0.7302088141441345
-0.15530583262443542
0.6116648316383362
0.822472870349884
0.8332847952842712
0.7784028649330139
0.8021828532218933
0.6090137958526611
0.2504776418209076
-0.17856049537658691
0.629141092300415
0.8479878306388855
-0.22169628739356995
0.57590252161026
0.5485424399375916
0.20420002937316895
-0.0730857104063034
-0.5451011061668396
0.28164130449295044
0.3692382872104645
-0.016196370124816895
0.34407854080200195
-0.6309815049171448
-0.49845248460769653
-0.6989613771438599
0.7341848611831665
0.5183929800987244
0.8100486397743225
0.7053391933441162
0.7820730805397034
-0.2833482623100281
0.6123629808425903
0.8854370713233948
0.5158579349517822
0.26369550824165344
0.4601309299468994
0.6286007761955261
-0.013782192021608353
0.21854272484779358
0.6506854891777039
0.7956854104995728
0.3566497564315796
0.4442466199398041
0.43957290053367615
0.377376526594162
0.5798418521881104
0.5788335800170898
0.9967767596244812
0.19920267164707184
0.6061940789222717
0.4431969225406647
0.6770605444908142
0.870100200176239
0.44278350472450256
0.8906792998313904
0.7179087996482849
-0.4171820878982544
0.5464615821838379
0.03409523889422417
0.12923814356327057
-0.211287260055542
0.7458242774009705
0.6359950304031372
0.07392480969429016
-0.9207480549812317
0.5765718817710876
-0.3665274977684021
0.6895157098770142
-0.2585122287273407
-0.13972021639347076
0.5663799047470093
0.4445111155509949
0.7575993537902832
0.053485143929719925
0.7748500108718872
-0.023677367717027664
0.5417017340660095
0.573988139629364
0.7925985455513
0.2366420030593872
0.628308892250061
0.3585019111633301
0.7340642213821411
0.8098360896110535
-0.0516335628926754
0.4909358024597168
0.741581380367279
-0.31895214319229126
0.4160917103290558
0.18801084160804749
0.5850282907485962
0.36243772506713867
0.47486329078674316
-0.5900550484657288
0.5668415427207947
0.7879251837730408
0.6865566968917847
0.5375786423683167
0.014017898589372635
-0.05065320059657097
0.12436281144618988
0.4375574588775635
0.6151978373527527
0.7936983704566956
0.05788223817944527
0.586722731590271
0.6074662208557129
0.49917542934417725
0.3390626311302185
0.3088435232639313
0.5895742177963257
0.45793771743774414
0.5787807106971741
0.5366409420967102
0.7109254598617554
0.7864510416984558
0.6763849258422852
-0.3465591073036194
0.1351151317358017
0.6379441618919373
0.7868075966835022
0.9021809697151184
0.40249595046043396
0.6368798017501831
-0.11382175981998444
0.6590589284896851
0.4584369659423828
0.7243887782096863
0.38917532563209534
0.22899672389030457
0.7516866326332092
0.6571812629699707
0.11457063257694244
0.6940178871154785
0.21369820833206177
0.6448763608932495
0.3858151435852051
0.4087246358394623
0.6604735255241394
0.3565467298030853
0.07018326222896576
0.8121068477630615
-0.4119725823402405
0.08350867033004761
0.5747979283332825
0.7640897035598755
0.43073493242263794
0.8723910450935364
0.646770179271698
-0.5755515694618225
0.6931973695755005
0.6318013668060303
0.35205623507499695
0.1727050095796585
0.3890594244003296
0.773021399974823
0.2443532943725586
0.6408149003982544
0.41972389817237854
-0.49907559156417847
0.7411667108535767
0.6506946682929993
-0.06231305003166199
0.4761255979537964
0.6136768460273743
0.6446793675422668
0.45648282766342163
-0.9594805836677551
0.7749982476234436
0.725457489490509
0.20256221294403076
0.1837836503982544
-0.0953449085354805
-0.0998031347990036
0.6904763579368591
0.29500558972358704
0.18715976178646088
-0.5423397421836853
0.6806816458702087
0.10521826148033142
0.5015947818756104
-0.6394950747489929
0.2962615191936493
0.4152262210845947
0.8329455852508545
0.6718299388885498
0.10238237679004669
0.5415054559707642
-0.7330086827278137
0.781859278678894
-1.0441275835037231
-0.499986469745636
0.059857163578271866
0.5402197241783142
0.8267912864685059
0.6826955080032349
0.37752586603164673
0.7898804545402527
-0.28306227922439575
0.8120248317718506
0.4889012575149536
0.2724842429161072
0.5608702301979065
0.5979269742965698
0.009084690362215042
-0.23662900924682617
0.3569488525390625
0.6389495730400085
0.8969724178314209
-0.2101074457168579
0.29185751080513
0.6832460761070251
0.6496145129203796
-0.4116015136241913
0.6241567134857178
0.23981726169586182
0.5963453054428101
0.5894972681999207
0.6858752965927124
-0.5361953973770142
0.2592846155166626
0.2825898826122284
-0.11752310395240784
0.7654767036437988
0.4452919065952301
0.6820870041847229
0.06978785991668701
0.5654969811439514
0.19296908378601074
0.18337281048297882
0.6184382438659668
0.8035591840744019
0.3199467360973358
0.04457864537835121
0.5907331109046936
0.5889281630516052
0.7618310451507568
0.6868791580200195
0.7209960222244263
0.8871474266052246
0.0047996677458286285
0.48771679401397705
0.7143123149871826
0.582516074180603
0.74366694688797
-0.08546628057956696
0.5476197600364685
-0.3328527808189392
-0.40848809480667114
-1.168005347251892
0.7550259828567505
0.8193826675415039
0.820762574672699
0.08499222993850708
0.5685317516326904
-0.24191589653491974
0.7480038404464722
-1.1044299602508545
-0.19476710259914398
0.7286295890808105
0.6570044159889221
0.6003174185752869
-0.2855865955352783
0.5514482259750366
0.6185652613639832
0.5983328819274902
0.568480908870697
0.6223297715187073
0.03300151601433754
0.787328839302063
0.324796199798584
0.7891616225242615
0.4467927813529968
0.6328034400939941
-0.4035310447216034
0.26034677028656006
0.5600016713142395
0.2202855944633484
0.147863507270813
-0.13888216018676758
0.551085889339447
-0.3660890460014343
0.5652136206626892
-0.12194666266441345
-0.03157806396484375
0.275074303150177
0.6030330657958984
-1.051095724105835
0.6721783876419067
-0.2492658942937851
-0.3735390305519104
0.05369304493069649
-0.06592811644077301
-0.35046789050102234
0.26275503635406494
0.2764993906021118
0.6159588694572449
0.23226657509803772
0.3271314799785614
0.07980126142501831
0.7531951665878296
0.5694194436073303
0.8090348839759827
-0.987413763999939
0.61490398645401
0.8346878886222839
0.5073957443237305
-0.2801995873451233
0.06183672323822975
0.5244288444519043
-0.5415117144584656
-1.1709595918655396
-0.6883494853973389
0.3442634344100952
0.7721856832504272
0.20771420001983643
0.5908425450325012
-0.045507241040468216
0.40926429629325867
-0.6263558268547058
0.5050676465034485
0.8415707945823669
0.7725246548652649
0.4073803126811981
0.7237452864646912
-0.25967028737068176
0.22321361303329468
0.7099950313568115
0.5086988806724548
-0.15030020475387573
0.6106218695640564
0.07517118752002716
0.4483341574668884
0.722113311290741
-0.6282042264938354
0.7997475862503052
0.45201313495635986
-0.1485280990600586
0.7516770362854004
0.45541834831237793
0.8544295430183411
-0.019209299236536026
0.4343186914920807
0.3463819622993469
-1.3978586196899414
0.6324231624603271
0.6188840270042419
0.6379942893981934
0.5765637159347534
0.7177645564079285
0.38862258195877075
0.4597378969192505
-0.22469504177570343
0.14880353212356567
0.7941226959228516
0.15984827280044556
0.704524040222168
0.16843165457248688
-0.36452579498291016
0.6154401302337646
0.7127232551574707
-0.5268406271934509
0.568061351776123
0.3670773208141327
-0.39672768115997314
0.598344624042511
0.8053404688835144
0.7359685301780701
-0.5516685247421265
0.6675704121589661
0.20349347591400146
0.6469423174858093
0.4516677260398865
0.1791038066148758
-0.23702141642570496
0.7514623999595642
-0.25934961438179016
0.656012237071991
-0.48488402366638184
0.5378620624542236
0.24896913766860962
0.32505878806114197
-1.4746417999267578
0.0653999000787735
0.6389843225479126
0.36068621277809143
0.36363282799720764
0.5713196396827698
0.5820229053497314
0.29119449853897095
0.44024035334587097
0.7178024649620056
0.6058990955352783
0.4955037236213684
-0.04392733797430992
0.831085741519928
0.7689549326896667
-0.8080608248710632
0.6001599431037903
0.22659087181091309
0.7701632380485535
0.6255401372909546
0.6861976385116577
-0.9553773999214172
0.24124720692634583
-1.241076111793518
0.5853201746940613
0.35761499404907227
0.781989574432373
-0.6139363646507263
0.6241788268089294
0.5808371901512146
0.6524090766906738
0.15581795573234558
0.3539976179599762
0.5053935647010803
0.670292317867279
0.5071112513542175
0.7989864349365234
0.6007692813873291
0.6702019572257996
0.4548761248588562
0.3425372540950775
0.825674295425415
-0.2740527093410492
0.3602001667022705
-0.33231252431869507
0.839671790599823
-1.1494390964508057
0.33946070075035095
0.5127533674240112
0.5781236290931702
0.8197895288467407
0.17719051241874695
0.505915105342865
0.16391567885875702
0.4905337691307068
0.16630594432353973
0.7532379627227783
0.40871238708496094
0.7485081553459167
0.7111235857009888
0.36100560426712036
-0.07834398746490479
0.7105464935302734
