-0.24602225422859192
-0.2618604600429535
-1.5883573293685913
-0.5430672764778137
-0.1401553452014923
-0.6089329123497009
-0.06414644420146942
-0.8294424414634705
-0.3264339566230774
-0.5781689286231995
-0.6940816640853882
-0.43030309677124023
-0.24890853464603424
-0.8096031546592712
-0.7955811619758606
0.6590837836265564
-0.6814572215080261
-1.0299910306930542
-0.39791440963745117
-0.8327354788780212
0.29987475275993347
-0.9426326155662537
-1.6019482612609863
-0.8076719045639038
-0.697542667388916
-0.5571286082267761
-0.6092446446418762
-0.8630209565162659
-0.9278038144111633
-0.9090250134468079
-0.6794771552085876
-0.23437756299972534
-1.1494618654251099
-0.4016493558883667
-0.40974241495132446
0.24838405847549438
-0.14482948184013367
-0.5519801378250122
-0.5175236463546753
-0.39994680881500244
-0.4424533247947693
-0.5370888710021973
0.6618884801864624
-0.3569154143333435
-0.12431725859642029
-0.44620099663734436
-0.2689208388328552
-0.8555874824523926
-0.4290754199028015
-0.13762447237968445
-0.7844370007514954
-1.128218412399292
-1.8472325801849365
-0.3195318281650543
0.10492545366287231
-0.7297325730323792
-0.41742777824401855
-1.073262333869934
-0.6494632959365845
-0.6665409803390503
-0.6405642628669739
-0.8557829260826111
-0.7401221394538879
-0.1750197857618332
-0.5860031843185425
-0.43168964982032776
-1.235366702079773
-0.19725395739078522
-0.5919051766395569
-0.9159603118896484
-0.6015676856040955
-0.3538331389427185
-0.18537819385528564
0.7864737510681152
-0.8949238657951355
-0.5189695954322815
-0.9419142007827759
-0.950559675693512
-0.6736388206481934
-0.2926032543182373
-0.4147530198097229
-1.1595945358276367
-0.7095173597335815
-0.5455438494682312
-0.17783501744270325
-0.31003671884536743
-0.5805176496505737
-0.4129928946495056
-0.46686890721321106
0.04603564366698265
-1.6649553775787354
-0.24335721135139465
-2.130967140197754
-0.35484516620635986
-0.3871144950389862
-0.5358108282089233
-0.6638206839561462
-1.7449960708618164
-0.4388772249221802
-0.10293053090572357
-1.5778398513793945
-0.4699065685272217
-0.5538085103034973
-1.5896415710449219
-0.06248254328966141
-0.6963984966278076
-0.4803656339645386
-0.4703306555747986
-0.6623713374137878
-0.8996682167053223
0.47137129306793213
-0.6794466972351074
-0.11956757307052612
-0.460754930973053
0.08010706305503845
-0.48184698820114136
-0.906501293182373
-1.5515105724334717
-1.3509535789489746
-0.6799461245536804
-0.6319193840026855
-0.2893461287021637
-0.5392142534255981
-0.5479936599731445
-0.565613329410553
-0.7289086580276489
-0.2844385504722595
-0.040138665586709976
-0.7117739319801331
0.6022819876670837
-0.6471979022026062
-0.9774077534675598
-0.17567987740039825
-0.8911840915679932
-0.37260356545448303
-0.5756433606147766
-1.0135382413864136
-1.2124114036560059
-0.5494477152824402
-0.5968174338340759
-0.4337681829929352
-0.10359364002943039
-0.6095348596572876
-0.5358849167823792
-1.5663611888885498
-0.6095632314682007
-0.8232395648956299
-0.6828883290290833
-0.3933647871017456
-0.5673462748527527
-0.7941859364509583
-0.7942321300506592
-0.8730983138084412
-3.2086074352264404
-1.0675814151763916
-0.37279126048088074
-0.4633471965789795
-0.7809449434280396
-0.6801899671554565
-0.40787437558174133
-0.9081330895423889
-0.7308248281478882
-0.47330939769744873
-1.2341127395629883
-0.46221834421157837
-0.4224454164505005
-0.5486395955085754
-1.1302558183670044
-0.6227949261665344
-0.5371459126472473
-0.5772026777267456
-0.6239220499992371
0.15374678373336792
-0.6971155405044556
-0.55885910987854
-0.7349353432655334
-0.5386112928390503
0.06218346580862999
-1.4721113443374634
-0.6429089307785034
-0.3806231915950775
-0.5455593466758728
-0.6102280020713806
-1.03752863407135
-1.1281611919403076
0.46371352672576904
-0.6791017651557922
-0.3980829119682312
-1.2784442901611328
-0.5626464486122131
-0.7864229679107666
-0.23329345881938934
-0.6523588299751282
-0.6317921280860901
-0.6100192666053772
-0.4715864360332489
-0.6101939082145691
-0.8754382729530334
-0.943228542804718
0.33266356587409973
-0.5139654874801636
-1.046326994895935
-0.9800340533256531
-1.2034257650375366
-0.2784697413444519
-1.1099179983139038
-0.4176397919654846
0.45153021812438965
-0.958832323551178
-0.9333561062812805
-0.5884227156639099
-0.13990271091461182
-0.772331178188324
-0.3987785875797272
-0.31310999393463135
-0.6975222826004028
-0.15709586441516876
-0.15289777517318726
-0.7476275563240051
-0.44911831617355347
-1.4867511987686157
-0.8319801092147827
-1.5206217765808105
0.617925763130188
-0.6266754865646362
-0.7881027460098267
-0.0011408552527427673
-0.5107003450393677
-1.1540606021881104
-0.42696887254714966
-0.02926109917461872
-0.646807074546814
-0.5434333086013794
-0.8308361768722534
-0.6746029257774353
-1.0941753387451172
-1.0786609649658203
-0.4149281084537506
-0.5169156193733215
-0.5897554755210876
-0.5060043931007385
-0.6517636179924011
0.24820634722709656
-1.513081669807434
-0.5775140523910522
-0.7049991488456726
-0.4801039695739746
-1.9581952095031738
-0.7595128417015076
-0.6814285516738892
-0.41752639412879944
-0.6107940077781677
-0.5408753156661987
-0.6557213068008423
-1.1650313138961792
-0.21028757095336914
-0.794557511806488
-1.502118706703186
-1.1184537410736084
-0.5563228726387024
-0.04788533225655556
-0.6904407739639282
-0.5749496817588806
-0.7029637694358826
-0.4868030548095703
-0.8848338723182678
-0.8007761836051941
-0.6548926830291748
-0.6812071204185486
-0.6164912581443787
-0.042872145771980286
-1.1435348987579346
-0.6247838735580444
0.7158527970314026
-0.5420078635215759
-1.5379126071929932
-0.07368050515651703
-1.1017814874649048
-0.5011343359947205
-0.6628503203392029
-0.5735201239585876
-1.2082244157791138
-0.6636083722114563
-1.2767231464385986
-2.088733673095703
-0.31692981719970703
-0.35457509756088257
-0.00038881227374076843
-0.748835027217865
-0.48398083448410034
-1.1025630235671997
-0.48315566778182983
-0.7724589705467224
-0.9336267113685608
-0.3441566228866577
-0.14259646832942963
-1.386024832725525
-0.7533708810806274
-0.4563387632369995
-0.615096390247345
-1.642002820968628
-0.26211997866630554
-0.5062879323959351
-1.1204991340637207
-2.048462152481079
-0.8032887578010559
-0.5390744209289551
-0.9082843661308289
-0.8778539299964905
-0.4333939254283905
-0.5272111296653748
-0.5947362184524536
-0.2133011370897293
-1.3308892250061035
-0.2514483332633972
-0.30869269371032715
-0.3322148323059082
-0.7807068228721619
-0.6100443601608276
-1.7575405836105347
-0.5116801261901855
-1.4415597915649414
-0.9564518332481384
-0.6939964890480042
-0.8531526327133179
-0.8106005787849426
-1.3439046144485474
-0.6012630462646484
-0.08328288793563843
-1.122458577156067
-0.563890278339386
-0.950850784778595
-0.30343562364578247
-0.9512134194374084
-0.7408537864685059
-0.4676986336708069
-0.16759982705116272
-0.6142413020133972
-1.1798595190048218
0.06371833384037018
-0.5070012807846069
-0.1679532825946808
-0.5916561484336853
-0.9276812076568604
-1.056964635848999
0.3453247547149658
-1.6134661436080933
-0.10190431028604507
0.2122575342655182
-0.5292547941207886
-0.9047184586524963
-0.6378169655799866
-0.3058093190193176
-1.227787971496582
-0.220070943236351
-1.7242634296417236
-0.7963449954986572
0.1399708390235901
-1.0636614561080933
-0.0717289000749588
-0.6823450922966003
-0.6740075349807739
-0.7161398530006409
-0.27975210547447205
-0.8992529511451721
-0.4169926047325134
-0.5039607882499695
-1.0598032474517822
-0.578312873840332
-0.8007389903068542
-0.884765625
-0.6942911744117737
-0.5846616625785828
-0.7928710579872131
-0.6235066056251526
-0.40946775674819946
-0.35162362456321716
-0.36819392442703247
-0.10032469034194946
-0.03585457056760788
-0.9436426162719727
-0.20760437846183777
-0.47499939799308777
-0.20412828028202057
0.47934842109680176
-0.31220388412475586
-0.5749085545539856
-0.07075925171375275
-1.1499149799346924
-1.4119054079055786
-0.7492945790290833
-0.3859612047672272
-0.39206236600875854
-0.8581957221031189
-0.3163941204547882
-1.1759942770004272
-0.8634681105613708
-0.590090811252594
-0.265336811542511
-0.511248767375946
-0.7786567807197571
-0.4463716745376587
-0.9966538548469543
-0.8079862594604492
-0.16062675416469574
0.4072256088256836
-0.9574470520019531
-0.5990244150161743
-0.5832501649856567
-0.8571041822433472
-0.05367213115096092
-0.983138382434845
-0.5672831535339355
-1.7176471948623657
-2.0827858448028564
-0.6430945992469788
-0.4808118939399719
-1.5957807302474976
-1.0359559059143066
-0.8908209204673767
-0.7929667234420776
-0.6347788572311401
-0.7286761403083801
-0.2696809768676758
-0.5252441167831421
-0.7051602602005005
-0.9811820387840271
-0.567050039768219
-0.5993943214416504
-0.45932865142822266
-0.7954973578453064
-0.5524826645851135
-1.2768447399139404
0.33382678031921387
-0.5040865540504456
-0.6804745197296143
-0.5512251853942871
-0.27041447162628174
-0.4568778872489929
-0.0926821231842041
-0.7358021140098572
-0.9865663051605225
-0.8579006791114807
-0.3936833143234253
-2.0361523628234863
-0.34439176321029663
-0.9224631190299988
-0.4519566297531128
-0.6592751741409302
-0.7918432354927063
-0.8793734312057495
-0.04204978048801422
-0.6807114481925964
-0.1597156822681427
-0.5993247628211975
0.08997529745101929
-0.36494356393814087
-0.2558579444885254
-0.587613046169281
-0.6580578684806824
-0.33711880445480347
-0.557643473148346
-0.6940518617630005
-1.66071617603302
-0.7708866000175476
-0.3385459780693054
-0.20698240399360657
-0.8301175236701965
-1.1093432903289795
-0.6361643075942993
-0.5478564500808716
-0.41930055618286133
-0.10883747041225433
-0.25527483224868774
-1.1012687683105469
-0.777428925037384
-0.6153016686439514
-0.6410742402076721
-0.3904968500137329
-0.9885825514793396
-0.6847013235092163
0.04359913989901543
-0.9854888916015625
-0.4134730100631714
0.037793997675180435
-0.25898468494415283
-0.09077103435993195
-1.080872654914856
-0.1639174222946167
-0.30068302154541016
-0.07885615527629852
-0.9245109558105469
-0.8539363741874695
-0.7969585061073303
-0.47357288002967834
-0.8992074728012085
-0.10257573425769806
-0.51436847448349
-0.9548808336257935
-0.4045214354991913
-0.3464280962944031
-0.35315048694610596
-1.1341572999954224
-0.540230929851532
-1.0631991624832153
-0.6126055121421814
-0.2995040714740753
-0.9581300616264343
-0.3444133400917053
-0.5454126596450806
-0.9803779721260071
-0.40777990221977234
-1.0377774238586426
-0.9900476932525635
-1.2977949380874634
-0.6252617835998535
0.2710559666156769
-0.8660706281661987
-0.7880167961120605
-0.7588211297988892
-0.4908480644226074
-0.6407662630081177
-0.853108823299408
0.1699351966381073
-0.6585218906402588
-0.25949883460998535
-0.2953289747238159
-0.43871957063674927
-0.21850939095020294
-1.2749993801116943
-0.1124882698059082
-0.5927518010139465
-0.49646633863449097
-0.5328418016433716
0.13285814225673676
-0.32881563901901245
-0.7307816743850708
-1.0114878416061401
-0.4794842004776001
-0.5659974217414856
-0.4913092851638794
-0.7780789136886597
-0.8372048139572144
-0.5484000444412231
-0.8194905519485474
-0.9150765538215637
-0.8812771439552307
-0.31385350227355957
-0.2966499924659729
-0.9297877550125122
-0.4429682791233063
-0.37626126408576965
-0.952880322933197
-0.525378942489624
-0.7445101141929626
-0.708110511302948
-0.0006038621068000793
-0.7366527915000916
-0.5386143922805786
-0.7703443765640259
-0.7845646142959595
-0.363137811422348
-0.3112732768058777
-0.3703683018684387
-0.3397451639175415
-0.3625863492488861
-0.2714363634586334
-0.15205581486225128
-0.5304219722747803
-0.4181438684463501
-0.4623611867427826
-0.7059569954872131
-0.3639674484729767
-0.4990176856517792
-0.5354977250099182
-0.8843382596969604
-1.399926781654358
-0.9209081530570984
-1.3871822357177734
-0.4194437861442566
-1.0607490539550781
-0.7496148943901062
-0.3936340808868408
-0.3896343410015106
-1.0987677574157715
-1.1874650716781616
-0.8363285660743713
-0.4832378923892975
-0.5368475317955017
-0.15433639287948608
-1.3406269550323486
-0.8756926655769348
-0.5426950454711914
-0.493478387594223
-1.097179889678955
0.664501965045929
-0.7173774242401123
-0.6926931142807007
-0.8788631558418274
-0.1304471343755722
-0.3731288015842438
-0.7638512849807739
-0.6504955887794495
-0.4976211190223694
-0.7049055099487305
-0.7217088341712952
-0.813145637512207
-0.8502423167228699
-0.7141185402870178
-0.672336220741272
-0.7268218994140625
-0.8715227246284485
-0.6829581260681152
-0.7412078976631165
-0.8285800218582153
-1.2991467714309692
-0.6805388927459717
-0.7360138893127441
-0.46718958020210266
-0.7618511915206909
-0.5945517420768738
-0.5224682092666626
-1.2348260879516602
-0.7946805953979492
-0.784196674823761
-0.44765517115592957
-0.9679442644119263
-0.6993796229362488
-0.175207257270813
0.34465494751930237
-0.496476948261261
-1.38664710521698
-1.763057827949524
-0.4600532352924347
-0.5794370174407959
-0.459257572889328
-0.4838552474975586
0.4320935308933258
-0.45032569766044617
-1.2952829599380493
-0.39014536142349243
-0.7137535214424133
-0.33996105194091797
-0.8079084753990173
-0.08095055818557739
-0.3045145869255066
-0.7385379672050476
0.4556059241294861
-0.6593725085258484
-0.7513677477836609
-1.0476109981536865
-1.315748691558838
-0.8794249892234802
-0.7528026103973389
-0.6019377708435059
-0.6088804602622986
-0.36332178115844727
-1.101057529449463
-0.3638930320739746
-0.8949640989303589
-0.5294475555419922
-0.4780483543872833
-0.6268095374107361
-0.46408718824386597
-0.34591570496559143
-0.772998571395874
-0.26137667894363403
-0.6572864651679993
-1.326475739479065
-0.6030890345573425
-1.6416317224502563
-1.6772491931915283
-0.705640971660614
-0.32120707631111145
-0.3067450225353241
-0.7415801882743835
-0.3344742953777313
-0.34316369891166687
-0.6170795559883118
-0.820572018623352
-1.7140673398971558
-0.3659742772579193
-0.7693728804588318
-0.07962630689144135
-0.2896983027458191
-0.12296825647354126
-0.8122090101242065
-1.6601003408432007
0.5964152812957764
-0.6772114634513855
-0.6294618248939514
-0.44783303141593933
-1.4388360977172852
-0.5365428924560547
-0.6105346083641052
-0.21423573791980743
-0.10167601704597473
-0.8999745845794678
-0.6954947113990784
-0.3898293077945709
-1.187705397605896
-0.8216627240180969
-1.6660484075546265
-0.7836634516716003
-0.6222549676895142
-0.45833876729011536
-0.48973211646080017
-0.33008068799972534
-0.7164546251296997
-0.8581975102424622
-0.42721134424209595
-0.3125603497028351
-0.4913524389266968
-0.7746513485908508
-0.9912062883377075
-0.799617350101471
-0.35101136565208435
-0.7091018557548523
-0.6396762728691101
-0.48703882098197937
-0.5221970081329346
-0.7513607740402222
-0.7581338286399841
-0.693561315536499
-1.1873619556427002
-0.3086536228656769
0.14750424027442932
-0.7840683460235596
-0.7494649291038513
-1.597841739654541
-0.39123377203941345
-0.9735706448554993
-0.6744020581245422
-0.6331085562705994
-0.47817790508270264
-0.9351211190223694
-0.968014121055603
-0.012474458664655685
-0.6446793079376221
-0.622634768486023
-0.9071449637413025
-0.5836160778999329
-0.6505083441734314
-0.23323562741279602
-0.8895237445831299
-0.441272497177124
0.2108428180217743
-0.9000983834266663
-0.6516915559768677
-0.8273491263389587
-0.6427275538444519
-0.5537416934967041
-0.6773317456245422
-0.13932672142982483
-0.10211686789989471
-0.8024975061416626
-0.190123051404953
-0.5268815755844116
-0.833053708076477
-0.5157742500305176
-0.2612228989601135
-1.4224156141281128
-0.7537903189659119
-0.7583205699920654
-0.24918973445892334
-0.24708230793476105
-1.1072834730148315
-0.485808789730072
-0.7953988313674927
-1.584389567375183
-1.0715956687927246
-0.7689507603645325
-0.5313632488250732
-0.37416476011276245
-0.5701179504394531
-0.8693636059761047
-1.2103831768035889
-0.902480959892273
-1.5559755563735962
-0.6867648959159851
-0.8196702599525452
-0.2607143223285675
-0.7707872986793518
-1.1596872806549072
0.09220004081726074
-0.9120563864707947
-0.9076688885688782
-1.2304599285125732
-0.2802179157733917
0.013512436300516129
-0.8222203850746155
-0.6079820990562439
-1.2719956636428833
-0.5420761704444885
-0.45365405082702637
-0.8192947506904602
-0.9095821380615234
-0.43375274538993835
-0.3623772859573364
-0.3854895234107971
-0.6876137852668762
-0.91070157289505
-0.8916436433792114
-0.7637136578559875
-0.5547003746032715
-0.8184008002281189
-0.44534945487976074
-0.857485830783844
-0.49998462200164795
-0.5397761464118958
-0.7154943346977234
-0.3501535654067993
-0.4270365238189697
-1.231381893157959
-0.3975665867328644
-0.5449293255805969
-0.19943282008171082
-0.747058093547821
-0.15573759377002716
-0.4556543529033661
-0.6040973663330078
-1.032063603401184
-0.6179425716400146
-1.0723791122436523
-0.5436910390853882
-0.4593479037284851
-0.5738615989685059
-1.1861532926559448
-0.4611179232597351
-0.33352428674697876
-0.36685246229171753
-0.49543723464012146
-0.9103457927703857
-0.6405645608901978
-0.5193294882774353
-1.5997014045715332
-0.8144400715827942
-0.18800224363803864
-0.17834365367889404
-0.9012454152107239
-0.7303879857063293
-0.3002125918865204
-0.2938568592071533
-0.32716530561447144
-1.1217155456542969
-1.0015424489974976
-1.4855172634124756
-0.6593689918518066
-1.1452802419662476
-0.9598942995071411
-0.8019949197769165
-0.8129751682281494
-0.5498501658439636
-0.8122837543487549
-0.4407101273536682
-0.23497457802295685
-1.4370172023773193
-0.2744000256061554
-0.8350688815116882
-0.5826612114906311
-0.7485310435295105
-0.8773420453071594
-0.3267310857772827
-0.6406664848327637
-0.5703127980232239
-0.3863736093044281
-0.5276477336883545
-0.8075028657913208
-1.276390790939331
-0.8190928101539612
-0.6494802832603455
-0.7534455060958862
-0.363369345664978
-0.5947145819664001
-1.6320385932922363
-0.6689410209655762
-0.207238107919693
-0.4251965582370758
-0.4137921929359436
-0.6352124214172363
-0.45518621802330017
-0.9974583983421326
-1.1165862083435059
-0.2157343477010727
-0.6802321672439575
-1.2162953615188599
-1.0788633823394775
-0.45003312826156616
-0.3355250954627991
-0.42025136947631836
-0.39296120405197144
-0.5570521950721741
-0.2815258502960205
-0.5375716686248779
-0.4545285701751709
-1.7089706659317017
-1.7973697185516357
-0.4518551826477051
-0.7195088267326355
0.6353936791419983
-0.7540915608406067
-0.7042698264122009
-0.5359281301498413
-1.194309949874878
-1.0625419616699219
-0.4952995181083679
-0.6645805835723877
-0.3933178782463074
-1.001977562904358
-0.5880939364433289
-0.6013200879096985
-0.3899553418159485
-0.9355064034461975
-1.0204806327819824
-0.7377999424934387
0.38329803943634033
-0.32097944617271423
-0.5849067568778992
-0.36007630825042725
-1.6240078210830688
-0.6101743578910828
-0.5070126056671143
-0.6549713611602783
-0.8605046272277832
-0.6542428731918335
-0.4526273012161255
-0.8274866938591003
-0.5970299243927002
-1.2214198112487793
-1.6772881746292114
-0.2994958162307739
-1.0856199264526367
-1.9568477869033813
-0.6400383710861206
-0.4650111794471741
-0.12271054089069366
-1.2071716785430908
-0.10396108031272888
-0.2222946584224701
-0.8685873746871948
-0.1934056282043457
-0.4347323179244995
-0.2727391719818115
-0.9498318433761597
-0.7929373979568481
-0.20831139385700226
-0.23863628506660461
-1.2123225927352905
-0.3028222620487213
-0.7615513801574707
-0.03106318786740303
-0.43428826332092285
0.12419363856315613
-0.7734732031822205
-0.5631349682807922
-0.2515226900577545
-1.1417635679244995
-0.9990403056144714
-0.4492969810962677
-1.033339023590088
-0.44150835275650024
-0.5493001341819763
-0.7202609181404114
-0.6561516523361206
-0.5679792165756226
-1.020755410194397
-0.5934270620346069
-0.04734824225306511
-0.138396218419075
-0.8913684487342834
-0.00014984235167503357
-1.7163829803466797
-0.14580556750297546
-1.294864296913147
-0.8940449357032776
-1.2465627193450928
-1.0126376152038574
0.5363490581512451
0.5489269495010376
-0.8670017719268799
-0.5605578422546387
-0.5123833417892456
-1.4451875686645508
-0.8044933676719666
-0.3566974997520447
-1.062533974647522
-1.0758458375930786
-0.8335634469985962
-0.7103984951972961
-0.49262067675590515
0.06267893314361572
-1.5697675943374634
-0.5917391180992126
-0.5980365872383118
0.22310087084770203
-0.03512894734740257
-0.3391028344631195
-1.5741479396820068
-0.31589484214782715
-0.8475407361984253
0.031953293830156326
-1.4566618204116821
-0.4843057692050934
-0.11444312334060669
-1.9385261535644531
-0.8259438872337341
-0.9390509128570557
-0.21026760339736938
-0.324533611536026
-0.4219173789024353
-1.0189330577850342
-0.5226064920425415
-0.8010563254356384
-1.4516624212265015
-0.07841131091117859
-0.7462688088417053
-0.4703667163848877
-0.6424778699874878
-0.5432827472686768
-0.6181759834289551
-0.4869955778121948
-0.6420014500617981
0.1325705349445343
-0.34122395515441895
-0.5421767830848694
-1.4820352792739868
-0.49002599716186523
-0.7330858707427979
-1.2680211067199707
-0.41281256079673767
-0.2647031843662262
-1.038148283958435
-0.9947546124458313
-0.7491411566734314
-0.4608631432056427
-1.153053879737854
-0.6944176554679871
-0.22123342752456665
-0.5867620706558228
-2.017695426940918
-0.8375329971313477
-0.2512286901473999
-0.6618574857711792
-0.8094097375869751
-0.32586127519607544
-0.6418355107307434
-0.31999140977859497
-0.34011632204055786
-1.1819833517074585
-0.7469969987869263
-0.5267206430435181
-1.5384067296981812
-0.8736289143562317
-0.6272376775741577
-0.4440144896507263
-1.2606693506240845
-0.9549140930175781
-0.9257737994194031
-0.4446704089641571
-0.6557596325874329
0.6201913952827454
-0.6956319212913513
-0.5489996075630188
-0.11339050531387329
-0.6651207208633423
0.24931105971336365
-1.5917061567306519
-0.13006708025932312
-0.07607868313789368
-1.197485089302063
-0.5980575680732727
-0.019157052040100098
-0.3624926209449768
0.06288373470306396
-0.5185385942459106
-0.9593773484230042
-0.25451627373695374
-0.5630751252174377
-0.8153722882270813
-0.740146815776825
-0.1369352489709854
-0.6841602325439453
-0.36210349202156067
-0.31455084681510925
-0.5439181327819824
-0.19503843784332275
-0.13300886750221252
-0.07119768857955933
-1.7265357971191406
-0.8831464648246765
-1.3116123676300049
-0.8000288605690002
-1.110316276550293
-0.8515239357948303
-0.3993232250213623
-0.29609233140945435
-0.5940533876419067
-0.7961568236351013
-0.38128912448883057
0.33741432428359985
-0.515571653842926
-0.3769077956676483
-0.7441954016685486
-0.4469055235385895
0.2746356129646301
-1.6486400365829468
-0.6942234039306641
-0.5664947628974915
-1.1932357549667358
0.07177135348320007
-1.599597454071045
-1.7380093336105347
-0.82607102394104
-0.7294908165931702
-1.3178743124008179
-0.2803157866001129
-0.7736952900886536
-1.0564203262329102
-1.1413143873214722
-2.003774881362915
-0.05753863975405693
-0.2572198808193207
-0.45958566665649414
-0.7423333525657654
-0.6273877620697021
0.3742011785507202
-0.5993126630783081
-0.5404267311096191
-0.4228300154209137
-1.121146559715271
-0.4829891324043274
-0.09798939526081085
-0.4892938733100891
-0.34594500064849854
-0.4837462306022644
-0.7231312394142151
0.06717167794704437
-1.2607864141464233
-1.1753450632095337
-0.7851436138153076
-0.693418562412262
-2.02445650100708
-1.724859356880188
-0.9220524430274963
-0.6094805598258972
-1.24302339553833
-0.6794220209121704
-0.4891403615474701
-0.5331434607505798
-0.6369782090187073
-0.7822231650352478
-0.7954143285751343
-0.800119936466217
-0.20456473529338837
-0.9325589537620544
-0.4032715857028961
-0.024240665137767792
-0.5278990864753723
-0.5819005370140076
