-0.2166222631931305
-0.3464166224002838
0.7315354943275452
-0.1958591789007187
-0.36865177750587463
-0.3980684280395508
-0.28737443685531616
-0.5647075772285461
-0.23075547814369202
0.6215041279792786
0.8126791715621948
-0.3799349069595337
0.6167964339256287
-0.6177347302436829
-0.4106576144695282
0.42858004570007324
0.22459140419960022
0.6466050148010254
-0.4800897240638733
-0.08544772118330002
-0.5135673880577087
0.10879272222518921
0.5561179518699646
0.0890612006187439
-0.7869186401367188
-0.4832022190093994
-0.3713737726211548
-0.6953664422035217
0.7022905945777893
-0.27740490436553955
0.22467875480651855
0.6873279809951782
-0.12011587619781494
-0.6331526041030884
0.5216865539550781
0.3349519670009613
-0.16640622913837433
-0.3609983026981354
-0.535864531993866
0.49634402990341187
-0.368677020072937
0.5874984264373779
0.17672733962535858
0.472398579120636
-0.5947214365005493
0.856380820274353
0.7687742114067078
0.5401994585990906
0.21222788095474243
-0.4519253373146057
-0.5834254026412964
-0.40016287565231323
0.259540855884552
0.4949842691421509
-0.24174311757087708
-0.11342985928058624
0.8368218541145325
0.5105143785476685
-0.06405366957187653
-0.6829209923744202
0.6186687350273132
-0.6401963829994202
0.3910817801952362
0.21592730283737183
-0.22531215846538544
0.10978367924690247
0.4884105324745178
0.6993085145950317
-0.6401145458221436
0.07341711223125458
-0.4007886052131653
0.5853317379951477
0.801349937915802
-0.2616210877895355
-0.4498692750930786
0.31074589490890503
-0.6405096054077148
0.5494235157966614
-0.40277543663978577
0.6792523264884949
0.7946634292602539
0.48352402448654175
0.22999835014343262
-0.4838271141052246
-0.8302120566368103
-0.15826648473739624
0.08738099038600922
-0.4840109348297119
-0.4033995270729065
-0.5757743120193481
0.39612695574760437
-0.5547512173652649
0.7480833530426025
-0.07514898478984833
0.39451345801353455
-0.14198404550552368
0.6181589961051941
-0.2893267869949341
-0.20927831530570984
0.15369084477424622
0.25767773389816284
-0.5975092053413391
0.7966022491455078
-0.7104037404060364
-0.33590924739837646
0.41845202445983887
-0.5681982040405273
0.6639241576194763
-0.7009706497192383
-0.49674201011657715
-0.4691299796104431
-0.16034719347953796
-0.13492612540721893
0.8809429407119751
0.58892822265625
0.8197964429855347
0.3969278037548065
0.3078729510307312
0.00423908606171608
-0.03706609085202217
0.01015777513384819
-0.20222797989845276
0.6863985657691956
-0.5654842853546143
-0.004881907254457474
0.22498652338981628
0.0735468864440918
-0.050726890563964844
-0.014013495296239853
-0.12563250958919525
-0.5015392303466797
-0.15013208985328674
-0.5117475390434265
-0.061086397618055344
-0.11079873144626617
0.7375587224960327
0.3008790612220764
-0.3944403827190399
0.4768710136413574
0.7128573656082153
0.8267722725868225
0.7616898417472839
-0.768656849861145
-0.35620948672294617
-0.04221617802977562
-0.5105574727058411
0.19270330667495728
-0.02968488447368145
-0.1167580783367157
0.25426486134529114
-0.13659779727458954
0.45835912227630615
-0.5788111090660095
-1.431188941001892
-0.4671994149684906
0.40377548336982727
0.6776109337806702
0.5685397982597351
0.46946144104003906
0.03850075230002403
-0.17007653415203094
-0.7244398593902588
-0.594871461391449
-0.20497442781925201
-0.24782532453536987
0.8017596006393433
0.6306453943252563
0.19084665179252625
0.76188063621521
0.38381803035736084
0.08536571264266968
-0.01254246011376381
0.5635053515434265
-0.5863381624221802
-0.4523369073867798
-0.0870884358882904
0.47346335649490356
0.777093768119812
-1.676970362663269
-0.12208963930606842
-0.11021102964878082
-0.5545413494110107
-0.2779298722743988
0.7870436310768127
-0.6219365000724792
-0.0012912340462207794
-0.5129531621932983
-0.013997841626405716
0.1376499980688095
0.7222774028778076
0.6795189380645752
-0.26684725284576416
0.4768710136413574
-0.988968014717102
0.040137600153684616
0.05397680029273033
-0.3084034323692322
-0.6602280735969543
-0.12779328227043152
0.7502988576889038
0.47779756784439087
0.11401358246803284
-0.08423410356044769
0.5108829736709595
-0.2970244586467743
0.8745538592338562
-0.6050110459327698
-0.056754253804683685
0.4826052784919739
-0.054178591817617416
-0.18990737199783325
0.64115971326828
-1.2205923795700073
0.4144751727581024
-0.1289943903684616
-0.5285691022872925
0.1730652153491974
-0.8890034556388855
-0.4188912510871887
0.06100775673985481
-0.9988638758659363
0.8045973181724548
0.38085389137268066
-0.22417815029621124
-0.06888682395219803
0.8164455890655518
0.7434200048446655
-0.26963871717453003
0.8917615413665771
-0.38898539543151855
0.18139562010765076
0.6681843996047974
-0.02896977588534355
-0.43241026997566223
0.08595634996891022
-1.147728681564331
-0.9129201769828796
-0.649610698223114
-0.2689455449581146
-0.2715902626514435
0.7586814761161804
-0.8347602486610413
0.7633454203605652
0.22338712215423584
-0.13048306107521057
0.8593717217445374
0.27264878153800964
-1.1604502201080322
-0.025809576734900475
0.32975009083747864
0.1720508337020874
-0.37069591879844666
-0.5588245987892151
-0.08591431379318237
-1.7593928575515747
0.46128904819488525
0.5803508162498474
-0.2279638648033142
0.04499075189232826
-0.2971678674221039
-0.04369300976395607
0.304609477519989
-0.28573527932167053
0.6777924299240112
0.17768722772598267
-0.2640419006347656
-0.5976272225379944
-0.4315454959869385
0.4863872528076172
0.6943821310997009
0.7134301662445068
0.5679010152816772
-0.16694952547550201
0.12540081143379211
0.7006860375404358
0.4774845242500305
-0.5978806018829346
0.64244145154953
0.03609870746731758
-0.04905217885971069
-0.135419562458992
0.07149636745452881
0.43731194734573364
-0.6161747574806213
-0.8961612582206726
-0.3880610167980194
0.023734454065561295
0.34680497646331787
-0.8377129435539246
0.11031320691108704
0.4481208622455597
0.1514768749475479
-0.5209758877754211
-0.5592884421348572
0.4335424304008484
-0.4888800084590912
-1.6059231758117676
0.5574381351470947
-0.1869013011455536
-1.0383431911468506
0.38436359167099
-0.34452003240585327
0.7380985617637634
-0.947728157043457
0.09911970794200897
0.6197606325149536
0.1479005068540573
-0.3822900056838989
0.725669801235199
0.1656954437494278
-0.3828456699848175
-0.43039470911026
0.16926315426826477
0.06862089037895203
0.5326981544494629
-0.582785427570343
-0.43294915556907654
0.5194786190986633
0.7495648860931396
-0.27496322989463806
0.6503927707672119
-0.25437790155410767
-0.770917534828186
-0.271921306848526
0.0957852452993393
0.6140416860580444
-0.05562299117445946
0.4831942915916443
0.2821575105190277
0.27595701813697815
-0.3251720368862152
0.1785309910774231
0.08770811557769775
0.373795747756958
0.7679429054260254
-0.4785117208957672
0.7707346677780151
-0.324666291475296
-0.0812586098909378
0.48855090141296387
0.6376922130584717
0.18247416615486145
-0.27921000123023987
-0.3602500557899475
-0.3950374126434326
-0.5758769512176514
0.2416708767414093
0.3168203830718994
-0.18923424184322357
0.38944417238235474
0.6675983667373657
-0.4358954429626465
0.36037227511405945
0.4887332320213318
0.36446478962898254
0.5519812703132629
0.8011481165885925
0.34728920459747314
-0.7247161865234375
-0.0349106527864933
0.25072309374809265
0.050541315227746964
0.16011160612106323
0.05998395010828972
0.6634987592697144
-0.5440436601638794
-0.5048794150352478
0.3631168007850647
0.5944029688835144
0.5817376971244812
0.0010001473128795624
0.33121296763420105
0.2629815638065338
0.5874456167221069
-0.09007945656776428
0.684084951877594
0.28357401490211487
-0.35084420442581177
-0.17282813787460327
0.3143977224826813
0.6352234482765198
0.3923356831073761
0.34770750999450684
-0.3360966444015503
0.10056844353675842
0.07512199878692627
-0.5369202494621277
-0.6384109854698181
0.1406320482492447
0.04001941159367561
-0.583502471446991
0.15965482592582703
-0.4258079528808594
0.32079049944877625
0.5811401605606079
0.352867990732193
-0.12882685661315918
-0.0868283063173294
-0.1993085741996765
-0.3603484332561493
-0.2259841114282608
0.37845635414123535
-0.9768990874290466
-0.30345672369003296
-0.4787895679473877
0.8402878642082214
-0.4703144431114197
-0.6601614356040955
-0.40421271324157715
0.41996005177497864
0.3583834171295166
0.3386687636375427
0.3844020366668701
-1.008721113204956
-1.3859708309173584
-0.3825295865535736
-0.2785216271877289
0.0022637061774730682
0.1625232994556427
0.6036251187324524
-0.4358695149421692
-0.30340078473091125
-0.2829822599887848
-0.12431883811950684
-0.29531463980674744
-0.5977322459220886
-0.041384581476449966
-0.08723561465740204
0.16472986340522766
-0.5938337445259094
0.6529334783554077
-0.1323392391204834
0.11692067980766296
-0.2286590039730072
-0.004468318074941635
-0.3080199062824249
-0.2815398871898651
0.34691962599754333
-0.007132388651371002
-0.40343689918518066
-0.15640446543693542
-0.6375284790992737
-0.14115479588508606
0.5288386940956116
-1.1390231847763062
-0.2626231014728546
-0.2846129238605499
0.0098036527633667
0.0129932202398777
-0.3411749601364136
0.2798802852630615
0.3759276866912842
0.4518846273422241
0.3429494798183441
-0.05373178794980049
-0.4550091028213501
-0.3745248019695282
0.5663986802101135
-0.30877184867858887
0.19681890308856964
0.17185944318771362
0.8368279933929443
0.06611910462379456
0.2449420690536499
0.6695515513420105
0.20067718625068665
0.789750337600708
-0.23236557841300964
0.1523195505142212
0.7765277028083801
0.5966262221336365
-0.5650204420089722
0.1259053349494934
0.19762644171714783
-0.12026044726371765
0.4426160156726837
-0.47102880477905273
0.008005905896425247
0.11340244114398956
0.5249136686325073
-0.16752728819847107
0.3906412720680237
-0.28238987922668457
-0.5700751543045044
-0.27679136395454407
-0.3945080637931824
-0.10495021939277649
-0.22243912518024445
-0.7908610701560974
0.540928065776825
-0.45529356598854065
-0.3206936717033386
0.23107874393463135
0.3630078434944153
-0.3066316246986389
-0.815643310546875
-0.19492463767528534
0.09443113207817078
0.17324958741664886
0.4598926305770874
0.22537747025489807
-0.08152519166469574
0.4694042205810547
-0.08312287926673889
0.8109243512153625
0.7093255519866943
0.6841458082199097
-0.11393113434314728
-0.11566296219825745
-0.25104811787605286
-0.7211236953735352
0.38196876645088196
-0.3220618665218353
-0.17966605722904205
-0.3017953634262085
-0.10183338820934296
-0.6854158043861389
-0.09472301602363586
0.15863178670406342
-0.5004224181175232
0.5289437174797058
-0.3576691448688507
-0.9488893747329712
0.48124539852142334
-0.1272583156824112
-0.6732275485992432
0.2130754590034485
0.07315494120121002
-0.23018687963485718
0.2160016894340515
-0.30639737844467163
-0.1390259563922882
0.4665561318397522
0.41909292340278625
0.8271604776382446
0.32450124621391296
-0.2165701985359192
-0.18004602193832397
-0.029225315898656845
-0.8589821457862854
-0.3990901708602905
-0.3963935971260071
0.3649730384349823
-0.24912062287330627
-1.5640459060668945
0.15287601947784424
-0.10765840113162994
0.636215329170227
-0.1171642392873764
-0.7747981548309326
-0.40573301911354065
-0.04227630794048309
0.5611000657081604
0.25191155076026917
0.4175609052181244
0.758168637752533
-0.09259258210659027
0.6351082921028137
0.1783629208803177
0.6936460137367249
0.2756851613521576
0.4100332260131836
-0.656575083732605
-0.46036744117736816
0.1428886502981186
-0.9176222681999207
0.47706472873687744
-0.617536187171936
-0.0015052221715450287
0.8184869289398193
-0.4688214063644409
-0.7476457357406616
-0.24417059123516083
-0.007839236408472061
-0.2559446692466736
-0.27729254961013794
-1.2975701093673706
0.5547131299972534
-0.3181973695755005
-0.601771891117096
-0.7016144394874573
-0.017607200890779495
0.30248117446899414
0.18447408080101013
-0.37815776467323303
-1.9834895133972168
-0.01696314662694931
-0.45971155166625977
0.26700976490974426
-0.31596702337265015
0.8106693029403687
0.20895865559577942
0.6932427883148193
0.647760808467865
0.30555957555770874
-0.540908932685852
0.28502100706100464
0.5517187118530273
-0.35455599427223206
0.24508124589920044
-0.02113400585949421
-0.41741085052490234
-0.15368352830410004
-0.46072453260421753
-0.3920522928237915
0.19205890595912933
0.5288323760032654
0.6773344874382019
0.4468713402748108
-0.5808698534965515
0.8275665044784546
-0.8599573969841003
-0.2968141436576843
-0.21830999851226807
-0.7848048210144043
-0.09414087235927582
0.9355140328407288
-0.4807751774787903
-0.3003195524215698
0.5037065744400024
-0.3453013002872467
-0.5003648996353149
0.05915685370564461
0.6059249639511108
0.29656752943992615
0.5596891045570374
0.832751989364624
0.27219638228416443
0.795267641544342
0.21823883056640625
-0.07897384464740753
-0.24304263293743134
-1.8308250904083252
-0.4242483973503113
0.24753552675247192
-0.7170239686965942
-0.5580468773841858
-0.7703592777252197
-0.2717513144016266
-0.5512221455574036
0.27679887413978577
-1.1910557746887207
-0.010771021246910095
-0.3218041956424713
-0.05009379982948303
-0.18153820931911469
0.17246797680854797
0.6034614443778992
-0.14100763201713562
0.17393361032009125
0.49037474393844604
-0.44528329372406006
0.5369437336921692
0.6552770137786865
0.25330060720443726
-0.15515367686748505
0.10284264385700226
0.5232897996902466
-0.3071631193161011
-0.5834501385688782
-0.022698041051626205
0.06418295204639435
-0.21864238381385803
-0.6885014772415161
-0.6264291405677795
-0.7231602072715759
-0.31656479835510254
-0.1116342544555664
-0.36719849705696106
-1.0410881042480469
0.0024462901055812836
-0.33446577191352844
-0.3168630301952362
-0.6436372995376587
-0.28978627920150757
0.7068150639533997
0.097159743309021
0.2900204658508301
0.5180404782295227
-0.019117336720228195
0.45943397283554077
-0.6601951122283936
0.45863789319992065
-0.21778008341789246
-0.6111546158790588
0.7770726084709167
-0.29278409481048584
0.5842033624649048
0.8161177039146423
0.6043760776519775
0.07949736714363098
-0.4674578011035919
-0.5265725255012512
0.8095665574073792
-0.753387451171875
0.18500328063964844
-0.41942089796066284
0.32189419865608215
-0.1488109678030014
0.25385087728500366
0.9381475448608398
-0.475979745388031
-1.7192559242248535
0.44962364435195923
0.1489676535129547
-0.11037026345729828
-0.2654334604740143
0.8141963481903076
0.6096436977386475
0.45823317766189575
0.7223193645477295
-0.5611348748207092
0.6192182898521423
-1.1577627658843994
-0.11209374666213989
-0.05097125843167305
-0.32038259506225586
-0.30461132526397705
0.8105339407920837
-0.08524556457996368
0.3057270050048828
-0.3924497663974762
-0.33714956045150757
-0.15670213103294373
-0.4985331892967224
0.8479878306388855
0.4310791492462158
0.7132803797721863
0.1308460384607315
-0.37838125228881836
-0.6455313563346863
-0.69382244348526
0.10951001942157745
-0.21765020489692688
-0.3261030614376068
-0.30655795335769653
-0.7483187317848206
-0.6501653790473938
0.35021311044692993
-0.816386878490448
0.3275204300880432
0.44192278385162354
0.6986680030822754
0.001128263771533966
0.36345261335372925
0.04004876688122749
-0.2650964856147766
0.09265314042568207
-0.6707515716552734
-0.7674007415771484
0.6286007761955261
-0.08573347330093384
0.16220061480998993
0.6506854891777039
0.48768532276153564
-0.213077574968338
0.500848114490509
0.43957290053367615
0.4745495319366455
-0.15192894637584686
0.016938406974077225
-1.2549149990081787
0.05147550627589226
0.4512479305267334
0.09681203961372375
0.5397883057594299
0.8497250080108643
0.24232614040374756
0.1625968962907791
-0.5273893475532532
0.058894816786050797
0.5464615821838379
-0.14213573932647705
0.29142671823501587
-0.06181328743696213
0.09913107752799988
-0.19022825360298157
0.0901004821062088
0.6697004437446594
0.5765718817710876
-0.37110811471939087
-0.1598474234342575
-0.19638743996620178
-0.1953805387020111
-0.08284452557563782
0.5000736117362976
-0.339961975812912
0.6483471393585205
0.44621020555496216
0.6211565732955933
-0.19609335064888
-0.10800126940011978
-0.29512450098991394
0.159172922372818
-0.16800355911254883
-0.04815966263413429
0.05308351293206215
0.012130822986364365
0.4468920826911926
-0.24636773765087128
-0.26801207661628723
-0.4391956031322479
0.23643508553504944
-0.15335769951343536
-0.060198601335287094
-0.13113541901111603
0.7148834466934204
0.403769850730896
-0.5523447394371033
0.2616576552391052
0.33104440569877625
-0.34072554111480713
0.720559298992157
0.7280803322792053
-0.30223751068115234
0.0028127096593379974
-0.2345813810825348
0.7936983704566956
0.4259745180606842
-0.4902612268924713
-0.327848881483078
-0.2991706132888794
-0.2605964243412018
0.23487639427185059
0.0747462809085846
0.7964267134666443
0.04645476117730141
-0.07024326920509338
0.6399349570274353
-0.2624469995498657
0.1950979232788086
-0.8322154879570007
-0.2951067388057709
-0.2368508279323578
0.16532695293426514
-0.24769775569438934
-0.05153680965304375
0.5979957580566406
-0.5549783110618591
0.3863586187362671
-0.5570910573005676
-0.5734201073646545
-0.0168275348842144
-0.1559266895055771
0.7516866326332092
0.5045130252838135
0.11457063257694244
-0.1794562190771103
0.6296022534370422
-0.2569127678871155
0.3878891170024872
0.16228511929512024
0.581797182559967
0.7260345816612244
0.12268944084644318
-0.6189125180244446
-0.2539042830467224
0.12529563903808594
-0.2890740633010864
-0.2888267934322357
-0.2021448165178299
0.3361550569534302
-0.3747379183769226
-0.43799078464508057
-0.12715040147304535
0.26706352829933167
0.023063722997903824
0.1826135814189911
0.08917999267578125
0.7072816491127014
-0.07181212306022644
0.06610570847988129
0.18905895948410034
-0.6907828450202942
0.006599973887205124
-0.28296563029289246
-0.4825247526168823
0.8449668884277344
-0.07182606309652328
0.12038564682006836
0.7423064708709717
-0.3325656056404114
-0.1724202036857605
-0.24963891506195068
0.020209331065416336
-0.44436153769493103
-0.5209735631942749
0.30468568205833435
-0.4903027415275574
0.2125931680202484
0.5198472142219543
-0.5837927460670471
0.6851984858512878
0.22279295325279236
0.4886450171470642
0.2800636887550354
0.14263615012168884
-0.1544332653284073
0.8329455852508545
-0.24480552971363068
0.10238237679004669
0.544714093208313
-0.4789494276046753
0.33195728063583374
-0.35155755281448364
0.7680181264877319
0.6102084517478943
0.7561450600624084
0.8128139972686768
-0.27888765931129456
0.7379587292671204
0.7951984405517578
-0.3939225971698761
0.06310927867889404
-0.7418473362922668
0.46580129861831665
0.31761643290519714
-0.4814417064189911
-0.2091757357120514
-1.1602849960327148
-0.03876831755042076
-0.419601172208786
-0.4016069769859314
-0.7521753907203674
0.7762012481689453
-0.4999891221523285
-0.3219235837459564
-0.3163723945617676
-0.4721868634223938
0.20358580350875854
0.06656818091869354
-0.4156414866447449
-0.5028776526451111
-0.11644129455089569
0.3021281659603119
-0.43307405710220337
-0.21125957369804382
-0.5034133791923523
-0.5262028574943542
0.46746915578842163
-0.2868514657020569
-0.2781035006046295
-0.49529966711997986
-0.7547456622123718
-0.6721436381340027
-0.10002952814102173
-0.12493884563446045
-0.38614580035209656
0.05567151680588722
-0.6346961855888367
-0.21031680703163147
-0.6005052924156189
0.7209960222244263
0.8618503212928772
0.27646318078041077
0.8767954707145691
0.7143123149871826
0.582516074180603
0.04905569925904274
-0.09634417295455933
-0.9691826701164246
-0.5622375011444092
0.2645922303199768
-1.112217903137207
-0.039648186415433884
0.8193826675415039
-0.17302393913269043
0.1325656771659851
-0.049073152244091034
-0.6284776329994202
-0.029609739780426025
-1.4790081977844238
-0.19088764488697052
-0.4510805010795593
0.7047075629234314
-0.011687848716974258
0.22581127285957336
-0.4575909972190857
-0.47319334745407104
0.5983328819274902
-0.34983938932418823
-0.41603076457977295
0.38940173387527466
-0.030551448464393616
0.14822539687156677
-0.5165269374847412
0.05289078131318092
0.8447946906089783
-0.10855470597743988
0.13750571012496948
-0.31387656927108765
-0.42511528730392456
0.19944298267364502
-0.16683249175548553
-0.5794858932495117
0.089847132563591
-0.026384074240922928
-1.65755033493042
0.49357104301452637
0.275074303150177
0.6434072852134705
-0.8183950781822205
0.24106115102767944
-0.600102961063385
0.5913841128349304
-0.6249435544013977
-0.5097894668579102
-0.12881198525428772
-0.19821128249168396
0.3019818365573883
0.6159588694572449
-0.0907517820596695
0.36023998260498047
-0.4879785180091858
-0.18695592880249023
-0.3637629747390747
-0.19977805018424988
-0.45443955063819885
-0.11974442005157471
0.4968147277832031
0.03518359735608101
0.379806786775589
0.26049304008483887
-0.2709430158138275
-0.5754656791687012
-1.160335898399353
-0.1313580423593521
0.38866087794303894
0.7721856832504272
0.18315932154655457
0.012625843286514282
-0.4037262797355652
0.06017472222447395
-0.7975465655326843
-0.3312950134277344
-0.008190430700778961
0.13540159165859222
-0.008896298706531525
0.12456345558166504
0.6243794560432434
-0.18086455762386322
0.48418551683425903
-0.40394002199172974
-0.2940021753311157
-0.34382814168930054
0.6246250867843628
-0.40922611951828003
0.722113311290741
-0.348463237285614
0.5582798719406128
-0.19948303699493408
0.2973746955394745
0.7390949726104736
0.423639714717865
-0.13340842723846436
-0.20567944645881653
-0.2940105199813843
0.2598109841346741
-1.4345407485961914
0.4403311014175415
-0.124239981174469
-0.7681705355644226
0.5617409944534302
-0.7166487574577332
0.6751614809036255
-0.06137748807668686
0.5236087441444397
0.02657429501414299
0.13946974277496338
-0.5024468898773193
0.017175856977701187
-0.0343448668718338
-0.2784787714481354
-0.20720048248767853
0.4007054567337036
-0.5993573665618896
-0.571444034576416
0.5745394229888916
-0.6100242137908936
-0.15229451656341553
-0.152547225356102
0.6459386944770813
-0.7418138980865479
-0.35019978880882263
-0.4334080219268799
0.6537337303161621
0.05890140309929848
-0.25728732347488403
-0.6108548641204834
-1.0517001152038574
-0.3634881377220154
0.3097285032272339
0.38736623525619507
-0.3085289001464844
-0.3318299651145935
-0.08711189031600952
-1.2378872632980347
0.03159725293517113
0.3472729027271271
-0.11791177093982697
-0.5993781685829163
0.6399354934692383
-0.6016350984573364
0.21146291494369507
0.15538690984249115
-0.6583976745605469
-0.6965090036392212
0.4973326325416565
-1.0873380899429321
-0.33162587881088257
-1.0445849895477295
-0.25543302297592163
-0.5536250472068787
-0.09920337051153183
-0.7905799150466919
-0.054991625249385834
0.6902539730072021
-0.2710220217704773
-0.2673311233520508
-0.20367956161499023
0.6853164434432983
0.37118321657180786
-0.033721331506967545
-0.3310195803642273
0.24551641941070557
-0.12066248059272766
0.6617860794067383
0.253553569316864
0.46773064136505127
-0.10336826741695404
-0.4447454810142517
0.3342006504535675
-0.22811540961265564
0.6010789275169373
0.21479558944702148
-0.4505349099636078
0.20188724994659424
0.08324816823005676
-0.13903497159481049
-0.5027670860290527
0.05454424396157265
0.2702057659626007
-1.3197314739227295
0.8716967105865479
0.6300314664840698
0.7551475763320923
-0.14037172496318817
-0.4661281108856201
0.4339768588542938
0.13065442442893982
-0.13156083226203918
-0.09591798484325409
-0.25269848108291626
-0.3432084918022156
-0.3945996165275574
0.2507811486721039
0.5645182728767395
-0.44720879197120667
0.4107748866081238
