-0.7880898118019104
-1.2214956283569336
-1.1791657209396362
-1.1629538536071777
-0.5597414374351501
-0.9745422005653381
-1.0613325834274292
-0.7467300295829773
-1.1484178304672241
-0.9608852863311768
-1.1033432483673096
-1.1811281442642212
-1.441138505935669
-0.7700151801109314
-1.157472014427185
-1.9250812530517578
-0.6537176966667175
-1.9996942281723022
-1.1185290813446045
-0.9510060548782349
-1.2165181636810303
-1.1808794736862183
-1.0825351476669312
-0.9723873138427734
-0.9012923836708069
-0.7331660985946655
-0.804914116859436
-1.0957462787628174
-0.6611904501914978
-0.923902153968811
-0.9881818890571594
-1.4328233003616333
-0.9100285768508911
-1.0437285900115967
-1.291641354560852
-1.0240309238433838
-1.0154441595077515
-0.7794288396835327
-1.0776937007904053
-0.7133981585502625
-1.0462307929992676
-0.9487925171852112
-1.150557279586792
-1.0682368278503418
-0.9449257850646973
-1.0474084615707397
-0.9156519174575806
-0.8008903861045837
-1.1394484043121338
-1.1580570936203003
-0.8064708113670349
-1.032471776008606
-2.134053945541382
-0.7579424381256104
-0.8359726667404175
-0.8453002572059631
-1.1009875535964966
-0.9238067269325256
-0.8581796288490295
-1.0633658170700073
-0.697923481464386
-0.9678363800048828
-0.7761906981468201
-1.043974757194519
-1.068138837814331
-0.7141576409339905
-0.6615802049636841
-1.1822330951690674
-1.0485448837280273
-0.9423647522926331
-0.6788498759269714
-0.8448228240013123
-1.208295226097107
-0.79795902967453
-1.312300205230713
-0.7724335193634033
-1.1713249683380127
-1.113008975982666
-1.1099148988723755
-1.0799164772033691
-1.0993479490280151
-1.2407920360565186
-1.1851698160171509
-1.0090014934539795
-1.3100786209106445
-0.9491041898727417
-1.084787130355835
-0.7845562100410461
-0.908704400062561
-0.9271905422210693
-2.2243664264678955
-0.9919847846031189
-1.1165715456008911
-0.9825566411018372
-1.0999001264572144
-0.9906697869300842
-0.8713345527648926
-1.7742869853973389
-0.8280025720596313
-1.0742337703704834
-0.8403236269950867
-0.9234347343444824
-1.3193901777267456
-1.1496444940567017
-1.0894579887390137
-1.1132524013519287
-1.0769668817520142
-0.9334639310836792
-0.7572440505027771
-0.9400706887245178
-0.7892975211143494
-0.9944921731948853
-0.9414752721786499
-1.6369677782058716
-0.8936299681663513
-1.035421371459961
-1.165793538093567
-1.122544765472412
-1.0319892168045044
-0.9918835163116455
-0.8400250673294067
-1.052657127380371
-1.0384621620178223
-1.0743871927261353
-0.9906049966812134
-1.190425992012024
-1.1190775632858276
-1.3128161430358887
-0.928909182548523
-0.8520705103874207
-0.8702147006988525
-1.6798055171966553
-1.3497227430343628
-0.9467779397964478
-1.0763229131698608
-0.7840183973312378
-1.1001845598220825
-1.6038626432418823
-0.9786937832832336
-0.9234477877616882
-0.7705155611038208
-1.0460768938064575
-1.0746259689331055
-1.063147783279419
-1.0206750631332397
-0.8005146384239197
-1.0158145427703857
-1.2436888217926025
-0.9485533833503723
-1.2861963510513306
-0.9826515316963196
-0.970636785030365
-0.9617791771888733
-1.143871784210205
-0.8840383291244507
-0.6426344513893127
-1.3247320652008057
-0.9474170207977295
-1.0136932134628296
-0.8300146460533142
-1.2552080154418945
-0.771507203578949
-0.8483756184577942
-1.368815541267395
-0.9187851548194885
-0.9662878513336182
-1.037772536277771
-0.9677566289901733
-0.7634220719337463
-0.8781947493553162
-1.3998403549194336
-0.43712180852890015
-0.9821056723594666
-0.6993722915649414
-0.7783927917480469
-1.1123336553573608
-0.861406683921814
-0.9140406250953674
-1.2999873161315918
-0.856637179851532
-0.9967333078384399
-0.9918277859687805
-1.1905686855316162
-1.0144574642181396
-1.0771031379699707
-0.9530796408653259
-1.040452480316162
-1.037594199180603
-0.852977454662323
-1.133983850479126
-1.4027934074401855
-0.8735532164573669
-0.9786937832832336
-1.0408713817596436
-0.7766055464744568
-1.0011661052703857
-0.9634982347488403
-0.9634870886802673
-0.8484643697738647
-0.4671650528907776
-1.213916301727295
-0.7133718132972717
-1.017930269241333
-0.7548168301582336
-1.2199618816375732
-1.806784987449646
-1.0338035821914673
-0.9684486389160156
-1.3185380697250366
-1.120019555091858
-0.9019681215286255
-0.5890080332756042
-1.0785741806030273
-0.8909510374069214
-0.836026132106781
-1.150315523147583
-0.7657625675201416
-0.8427327871322632
-0.8896492123603821
-0.838600218296051
-0.8100552558898926
-1.5999548435211182
-0.9627162218093872
-1.006993293762207
-1.0173799991607666
-1.1388335227966309
-0.9322530627250671
-0.9397299885749817
-1.504920482635498
-0.7785173058509827
-1.0100414752960205
-1.0247292518615723
-0.8575208783149719
-1.1337569952011108
-1.0447745323181152
-1.7897274494171143
-0.8991899490356445
-0.8894648551940918
-0.8926956653594971
-0.9650829434394836
-1.2674072980880737
-1.0762559175491333
-1.4432494640350342
-0.9395315051078796
-1.1539852619171143
-0.9103645086288452
-0.8397347927093506
-0.8320328593254089
-1.1053307056427002
-0.916118860244751
-1.044944167137146
-1.1472853422164917
-0.8603339791297913
-0.7208344340324402
-2.3781847953796387
-0.8043245673179626
-1.2307652235031128
-1.2311559915542603
-0.8569793105125427
-0.9889385104179382
-1.3845669031143188
-0.9547623991966248
-0.793996274471283
-1.3003419637680054
-0.8365655541419983
-1.051189661026001
-1.0654497146606445
-0.8109989762306213
-1.1204421520233154
-1.2018139362335205
-0.9473783373832703
-1.237101674079895
-1.123172640800476
-0.7945395112037659
-1.0878238677978516
-0.7129831314086914
-0.9956125617027283
-0.961211085319519
-0.9565647840499878
-0.9970957040786743
-0.9950569868087769
-0.7983962297439575
-1.069723129272461
-1.346704125404358
-1.5331616401672363
-0.7361509799957275
-0.9864925146102905
-1.20908784866333
-0.8981309533119202
-0.8590207099914551
-0.8717185854911804
-0.9017021059989929
-1.9863812923431396
-1.2505587339401245
-0.8979509472846985
-0.6855371594429016
-1.416797161102295
-1.0558818578720093
-0.791843056678772
-1.1470530033111572
-1.3390130996704102
-1.107818841934204
-0.8867731690406799
-0.9924730062484741
-1.9318275451660156
-0.8079128861427307
-0.8428995609283447
-1.0021451711654663
-0.9325876235961914
-0.8264846205711365
-0.9135991334915161
-0.9579897522926331
-1.0856671333312988
-1.2220849990844727
-1.273974061012268
-1.2089574337005615
-0.9964770674705505
-0.9561468958854675
-1.10597825050354
-2.4773759841918945
-1.0380334854125977
-1.1666313409805298
-1.0853760242462158
-0.9106356501579285
-0.9571315050125122
-0.8430529832839966
-1.554457664489746
-0.8483689427375793
-0.9498436450958252
-0.9507216215133667
-1.0862888097763062
-1.0056151151657104
-1.489549160003662
-0.7767903208732605
-0.8110034465789795
-0.9167307019233704
-1.1412906646728516
-1.009318232536316
-1.3909592628479004
-1.0542815923690796
-1.3558413982391357
-0.8388510346412659
-1.2715590000152588
-0.8137226104736328
-1.4792811870574951
-1.4345470666885376
-0.6820387840270996
-0.9829486012458801
-1.0002450942993164
-1.01054048538208
-0.9269935488700867
-0.6562073826789856
-0.6386891603469849
-1.3509507179260254
-0.972503125667572
-1.0609643459320068
-1.4933135509490967
-0.9899262189865112
-0.9174723625183105
-0.9994993805885315
-1.0125188827514648
-0.7528672814369202
-1.1691612005233765
-0.8805554509162903
-0.9835443496704102
-0.9067010879516602
-1.1190681457519531
-1.0167714357376099
-0.7696690559387207
-1.6103997230529785
-0.7052620649337769
-1.0012317895889282
-0.752203643321991
-0.8374301195144653
-0.7469434142112732
-0.8833630681037903
-1.0972636938095093
-1.279090404510498
-1.2082289457321167
-1.1273064613342285
-2.0108611583709717
-1.0992507934570312
-0.7614914178848267
-0.7331849932670593
-1.20376718044281
-0.7637680172920227
-0.8221318125724792
-0.9947517514228821
-0.9704271554946899
-1.029381275177002
-0.9199267029762268
-1.0694421529769897
-0.7844352722167969
-0.8573911190032959
-0.9280704259872437
-1.067812204360962
-0.98223477602005
-0.8782671093940735
-1.334816575050354
-1.4334213733673096
-1.0587120056152344
-0.8707326650619507
-1.2780117988586426
-1.1074762344360352
-1.0079946517944336
-0.9707323908805847
-1.2715444564819336
-0.9160692095756531
-0.9807963967323303
-0.9310632348060608
-0.7308112382888794
-1.0860484838485718
-0.9378722310066223
-1.1776052713394165
-1.8491520881652832
-1.1055238246917725
-1.0631572008132935
-1.463944673538208
-0.7943580150604248
-0.977857768535614
-0.9402450323104858
-0.8366096615791321
-0.9129467606544495
-1.070741891860962
-0.622098982334137
-1.1454534530639648
-0.9999004006385803
-0.8081162571907043
-1.0901230573654175
-1.0248967409133911
-1.1611450910568237
-1.2211183309555054
-1.1758126020431519
-0.8545641303062439
-0.8132877349853516
-1.0745198726654053
-0.7540531158447266
-0.8873865008354187
-0.9655699133872986
-1.2573927640914917
-0.7034159898757935
-1.0200475454330444
-2.4037461280822754
-1.2811658382415771
-1.0446223020553589
-1.1057709455490112
-0.8006892204284668
-0.9584853649139404
-1.0391438007354736
-1.2583411931991577
-1.4670085906982422
-0.8671827912330627
-0.9877117276191711
-0.6656664609909058
-0.914552628993988
-0.9300674200057983
-0.9934871196746826
-0.711252748966217
-1.4049508571624756
-1.1047616004943848
-0.8785392045974731
-0.9940679669380188
-1.0239626169204712
-1.9921432733535767
-0.6885092258453369
-0.8628444671630859
-0.8529840707778931
-2.175398826599121
-1.2568670511245728
-1.267546534538269
-0.8682728409767151
-0.8326554894447327
-0.8947224617004395
-2.321868896484375
-1.229505181312561
-0.788530170917511
-0.9791089296340942
-0.9697654247283936
-1.0882703065872192
-0.9554122090339661
-1.0947275161743164
-0.9218544960021973
-1.2956112623214722
-0.7601023316383362
-0.954383373260498
-0.9908578395843506
-0.8923594355583191
-1.0409823656082153
-1.0441981554031372
-0.9074743986129761
-1.3717690706253052
-0.9896483421325684
-0.8181652426719666
-1.0438649654388428
-1.0026262998580933
-1.464392900466919
-0.627975344657898
-1.0082075595855713
-1.1925557851791382
-0.9787029027938843
-0.9750400185585022
-0.956931471824646
-1.0174145698547363
-1.097063660621643
-0.9459145665168762
-0.8618693947792053
-0.8209391236305237
-1.2642179727554321
-0.7854147553443909
-1.3197784423828125
-1.0494023561477661
-0.786609411239624
-1.333818793296814
-0.6951392292976379
-1.2899537086486816
-0.7916927933692932
-1.7583304643630981
-2.2666432857513428
-1.0133332014083862
-0.8863686919212341
-0.994243323802948
-1.0038838386535645
-0.976853609085083
-0.7695561647415161
-0.7693432569503784
-0.9832040071487427
-0.9559035897254944
-1.053528904914856
-1.1878770589828491
-0.9612866044044495
-0.9366374015808105
-0.8046775460243225
-0.8066607713699341
-1.181554913520813
-1.3020141124725342
-0.8649928569793701
-1.1512556076049805
-1.847459316253662
-1.1619815826416016
-0.965851366519928
-1.052638053894043
-1.1375747919082642
-0.8535266518592834
-0.8945078253746033
-1.7719813585281372
-0.6815464496612549
-0.9565594792366028
-0.9082179069519043
-1.1422710418701172
-1.102925181388855
-1.2030205726623535
-0.9434342980384827
-0.9222386479377747
-1.047970175743103
-1.4408396482467651
-1.4028925895690918
-1.1600605249404907
-0.7793188095092773
-1.0862183570861816
-0.946050226688385
-1.1037389039993286
-1.0473593473434448
-0.882656991481781
-1.0099560022354126
-0.8883360028266907
-1.5566869974136353
-0.9266192317008972
-0.7041459679603577
-1.9680759906768799
-0.8325510621070862
-0.7622947096824646
-1.1822853088378906
-0.957957923412323
-0.8715980648994446
-1.178058385848999
-1.075320839881897
-0.9274184703826904
-0.8171722888946533
-1.1115182638168335
-1.1443002223968506
-0.9999915361404419
-0.8913232088088989
-0.9666422605514526
-1.1282281875610352
-0.7152226567268372
-2.3146395683288574
-0.8507226705551147
-0.8716834187507629
-0.7610616087913513
-0.8028630018234253
-0.9116657376289368
-0.8364207148551941
-0.8216455578804016
-0.8949957489967346
-1.1925126314163208
-0.9485607743263245
-1.0577077865600586
-0.7358855605125427
-0.9817327857017517
-0.8627626299858093
-1.2341625690460205
-0.9814286231994629
-1.0395159721374512
-0.6949768662452698
-0.9815245866775513
-0.9517210125923157
-1.1697134971618652
-1.0295801162719727
-0.8209083676338196
-0.9331395030021667
-0.8558343648910522
-1.131164789199829
-1.1220866441726685
-1.3794605731964111
-1.0617295503616333
-1.3455286026000977
-1.3663501739501953
-0.8725407719612122
-0.902611255645752
-0.9453902840614319
-0.6890592575073242
-1.0936415195465088
-0.8188344836235046
-1.105283260345459
-0.5182409286499023
-0.9709976315498352
-0.9035365581512451
-1.048246145248413
-1.6115226745605469
-0.8786311745643616
-1.1391912698745728
-1.5040292739868164
-1.8654305934906006
-1.1032682657241821
-1.196879506111145
-0.9066436886787415
-1.047432541847229
-0.9371051788330078
-0.762717068195343
-0.8997357487678528
-1.0946776866912842
-0.728338897228241
-0.8298063278198242
-1.0850471258163452
-0.996025025844574
-1.0810385942459106
-0.9915286898612976
-1.2395350933074951
-0.9454105496406555
-2.334052085876465
-0.8345198631286621
-0.8414403796195984
-1.1554229259490967
-0.7249719500541687
-1.014768362045288
-0.6937347054481506
-0.7895299792289734
-0.7749162316322327
-1.1271297931671143
-0.8392166495323181
-1.5178409814834595
-0.5435210466384888
-0.9343791604042053
-1.0541733503341675
-1.1662653684616089
-1.0195789337158203
-1.118890643119812
-1.0582513809204102
-2.2102909088134766
-1.1121647357940674
-1.5137522220611572
-1.6749353408813477
-1.0744415521621704
-0.801008939743042
-0.9346112012863159
-1.3420298099517822
-0.8308420181274414
-0.6413091421127319
-0.8783509135246277
-1.2462860345840454
-0.7878514528274536
-0.9522578120231628
-0.9500609636306763
-1.1421698331832886
-1.0098850727081299
-1.0460349321365356
-0.8945726752281189
-0.7680017352104187
-1.0601540803909302
-0.9372494220733643
-1.0233843326568604
-1.0608035326004028
-1.1879444122314453
-1.2473375797271729
-1.1819885969161987
-0.8225579261779785
-0.7077056169509888
-1.368656873703003
-0.9603816866874695
-1.1718835830688477
-1.6077685356140137
-0.8408249616622925
-0.998310387134552
-1.1106910705566406
-0.8389058113098145
-0.4705604016780853
-1.4121993780136108
-0.8421726822853088
-0.9156551957130432
-0.9752417802810669
-1.1580429077148438
-0.9188886880874634
-2.184919834136963
-1.069394826889038
-1.0557957887649536
-1.0202572345733643
-0.8137344121932983
-0.8176210522651672
-1.05888831615448
-1.0971522331237793
-1.183455228805542
-1.3154256343841553
-1.0581082105636597
-0.8649463653564453
-1.1317330598831177
-0.8695774674415588
-1.4720430374145508
-1.8649810552597046
-1.0891869068145752
-1.8695948123931885
-0.8253650069236755
-0.962107241153717
-0.9635128378868103
-0.8842517733573914
-0.9204643964767456
-1.079511284828186
-1.1139576435089111
-0.9529959559440613
-1.111843466758728
-0.9712932109832764
-1.5078314542770386
-1.378785252571106
-0.6562483310699463
-1.0325316190719604
-0.5928346514701843
-0.9009873867034912
-0.875270426273346
-0.9161400198936462
-0.8386915326118469
-1.0552618503570557
-1.1749887466430664
-0.8041855096817017
-0.7210191488265991
-0.7395175695419312
-1.1036020517349243
-0.8840188384056091
-0.8819497227668762
-0.8828368782997131
-1.2380919456481934
-0.8640733361244202
-0.9564016461372375
-1.2486178874969482
-0.9317929148674011
-0.82140052318573
-0.6962619423866272
-0.6593034863471985
-1.0366846323013306
-0.7778615951538086
-0.8782400488853455
-0.7809998393058777
-1.1010773181915283
-1.3641074895858765
-1.001755714416504
-0.8491302728652954
-0.8040544390678406
-1.1839792728424072
-0.7744635343551636
-1.0140467882156372
-0.8730581402778625
-1.8267966508865356
-0.8250510096549988
-1.0495140552520752
-0.8309454917907715
-1.1228370666503906
-1.0730613470077515
-0.8425974249839783
-1.0069773197174072
-2.390190362930298
-0.8130125999450684
-1.1377087831497192
-0.8556102514266968
-1.2078166007995605
-0.7886517643928528
-0.9129993915557861
-0.9640050530433655
-1.1264522075653076
-0.8757495284080505
-0.7725391387939453
-1.2367656230926514
-0.9165826439857483
-1.4146873950958252
-0.821072518825531
-0.8154842853546143
-0.8411047458648682
-0.8483757972717285
-0.8260236978530884
-0.6991745829582214
-0.8501138687133789
-1.088780403137207
-1.3591300249099731
-0.9401035308837891
-0.9540905356407166
-1.3496983051300049
-0.9563776254653931
-0.8996790647506714
-0.7035909295082092
-2.0877649784088135
-1.9498625993728638
-0.8354501724243164
-0.8911418318748474
-0.8363317847251892
-0.8546624779701233
-0.9626654982566833
-1.0075323581695557
-0.8751137256622314
-1.293506145477295
-0.8991382122039795
-1.006981372833252
-0.7935453057289124
-0.9309552311897278
-1.267728328704834
-0.5826717019081116
-1.0573140382766724
-1.177346110343933
-0.791238009929657
-1.3043698072433472
-0.9246392250061035
-0.9342430233955383
-1.203902006149292
-0.8964017033576965
-1.1466681957244873
-0.8275485038757324
-0.7687459588050842
-0.8928110599517822
-1.0151935815811157
-1.1473125219345093
-1.0327935218811035
-1.116771936416626
-1.0187557935714722
-0.8217924237251282
-1.0771123170852661
-0.989484429359436
-0.8101329207420349
-1.0300281047821045
-1.0693964958190918
-0.9051172137260437
-1.2998292446136475
-1.015744686126709
-1.0079411268234253
-0.9516134262084961
-1.1937365531921387
-1.5532784461975098
-0.8991267085075378
-0.8486549854278564
-1.0541815757751465
-1.0175256729125977
-1.1754038333892822
-0.8209558725357056
-0.8439680337905884
-0.9747709631919861
-0.9997775554656982
-0.7902968525886536
-0.9275445342063904
-0.9748281836509705
-0.9527307748794556
-0.7802022099494934
-0.7420135140419006
-0.7642176747322083
-1.3793683052062988
-0.8084241151809692
-0.8570405840873718
-0.9874565601348877
-1.8936059474945068
-0.9395209550857544
-1.279574990272522
-0.8389825224876404
-0.7358251810073853
-1.11333167552948
-1.1922913789749146
-0.7771564722061157
-1.084453821182251
-0.7742769718170166
-0.8763015270233154
-1.3934807777404785
-1.086463451385498
-1.2560434341430664
-1.0648243427276611
-0.8792427778244019
-1.3169021606445312
-1.009118676185608
-0.8284255266189575
-0.8228254318237305
-0.8054223656654358
-0.9051899313926697
-1.3281733989715576
-1.4685280323028564
-1.081407070159912
-0.9564793109893799
-1.0715665817260742
-1.0518704652786255
-1.158994436264038
-1.0142521858215332
-0.6783323884010315
-0.6724147200584412
-1.227564811706543
-0.7981446385383606
-1.125980257987976
-0.8286427855491638
-1.1131277084350586
-0.9561785459518433
-0.7768554091453552
-0.8719800114631653
-1.0814228057861328
-1.0413463115692139
-1.0377683639526367
-1.1302547454833984
-0.9237703680992126
-1.1222450733184814
-0.7946203351020813
-1.7056374549865723
-1.161478042602539
-1.2790536880493164
-1.5689483880996704
-0.9481619596481323
-0.7893602252006531
-1.3205190896987915
-1.4036592245101929
-1.024486780166626
-0.6937961578369141
-1.0457439422607422
-0.901557445526123
-0.8116106390953064
-0.7541993260383606
-1.2478628158569336
-1.0415767431259155
-1.2066890001296997
-0.8234599232673645
-1.0995768308639526
-0.7549280524253845
-1.022375464439392
-1.3008527755737305
-0.742385745048523
-1.1159560680389404
-1.0591316223144531
-0.7050275802612305
-1.0574374198913574
-1.2529147863388062
-0.806824803352356
-1.4274299144744873
-1.1757335662841797
-1.125502109527588
-0.7758473753929138
-1.0632648468017578
-2.586895704269409
-2.029162645339966
-1.2522214651107788
-1.1123347282409668
-0.870586633682251
-1.012432336807251
-1.6857355833053589
-0.8180646300315857
-1.5574636459350586
-0.8137257099151611
-1.658565640449524
-0.7198107242584229
-0.8274577260017395
-0.9858963489532471
-0.9394042491912842
-0.7971343398094177
-0.7579602599143982
-0.7652270793914795
-0.850505530834198
-1.1706041097640991
-0.9466884136199951
-0.9902756810188293
-0.9515922665596008
-2.2432379722595215
-0.8822348713874817
-0.9304534196853638
-0.7744026184082031
-0.7976683378219604
-1.4432117938995361
-1.078041434288025
-0.9146785140037537
-1.032970905303955
-0.8046138882637024
-0.9549089074134827
-1.463766098022461
-1.1755105257034302
-0.6887056231498718
-0.977803647518158
-2.2965986728668213
-0.9116369485855103
-0.7677827477455139
-1.6620488166809082
-0.9556369185447693
-0.9433974027633667
-1.184798240661621
-1.2894656658172607
-0.8312686085700989
-0.7670324444770813
-1.1473230123519897
-1.1087998151779175
-0.7639808058738708
-0.7822226881980896
-0.9532541036605835
-1.0292638540267944
-0.694692850112915
-1.3418567180633545
-1.2385362386703491
-0.8867878317832947
-1.0742603540420532
-0.7200607657432556
-0.9919281601905823
-0.7880941033363342
-1.2978585958480835
-0.8950988054275513
-0.858645498752594
-1.5153634548187256
-1.0679335594177246
-1.0529192686080933
-0.7807332873344421
-1.0196545124053955
-0.7596539855003357
-0.8676524758338928
-0.9071792960166931
-1.2542654275894165
-1.0137548446655273
-0.9923561811447144
-1.3337442874908447
-0.9957872629165649
-1.1603310108184814
-0.7201010584831238
-0.7355014681816101
-0.9895554780960083
-0.8371936678886414
-0.9782069325447083
-1.053130865097046
-0.892231822013855
-1.1103817224502563
-1.0522326231002808
-0.8980390429496765
-1.021425485610962
-1.022104263305664
-0.950169026851654
-0.8920690417289734
-2.019190788269043
-0.7059729695320129
-1.4171196222305298
-0.9836093783378601
-0.8894597291946411
-0.947731614112854
-1.6916992664337158
-1.0269742012023926
-1.3706167936325073
-1.2408488988876343
-1.0345667600631714
-0.8165277242660522
-0.9130104184150696
-0.6478930115699768
-1.1590557098388672
-0.9337999820709229
-0.8527953028678894
-0.9261658787727356
-1.262252926826477
-1.0369670391082764
-0.9165428876876831
-1.123615026473999
-0.9467016458511353
-0.7868797779083252
-1.0427495241165161
-0.9494819045066833
-1.1223140954971313
-0.961259663105011
-1.0318835973739624
-1.106410026550293
-1.301292061805725
-1.0146081447601318
-1.1868516206741333
-1.0349839925765991
-0.9014292359352112
-0.9101314544677734
-0.8808631300926208
-0.7830199599266052
-0.9407517313957214
-1.3365812301635742
-1.6044868230819702
-0.8847318887710571
-0.8185802698135376
-0.7088319659233093
-1.1021255254745483
-0.9433456063270569
-0.8253466486930847
-0.9631323218345642
-0.9275642037391663
-1.3077932596206665
-0.7311798930168152
-1.0129666328430176
-1.545052170753479
-1.0511478185653687
-1.2504574060440063
-0.7434777021408081
-0.718189001083374
-1.1029523611068726
-0.7818564176559448
-0.9565605521202087
-0.7543913722038269
-0.5662093162536621
-0.8345931768417358
-1.710646390914917
-0.8016725182533264
-0.9672937393188477
-0.742283046245575
-0.9613210558891296
-1.0057553052902222
-1.051759123802185
-0.6686838269233704
-1.1226915121078491
-0.8615462779998779
-2.2489614486694336
-1.0507423877716064
-0.8143929839134216
-1.1479731798171997
-0.602340042591095
-0.939900815486908
-1.299741268157959
-0.7439892888069153
-0.9561546444892883
-1.2510970830917358
-1.1271811723709106
-0.6676478981971741
-0.658240556716919
-2.66434907913208
-1.2683640718460083
-1.0092456340789795
-0.7796185612678528
-0.8075917959213257
-0.7566235661506653
-0.9202274084091187
-1.1856991052627563
-1.3299046754837036
-0.9461953043937683
-0.9858826994895935
-0.937900185585022
-0.9859778881072998
-0.8630340695381165
-0.5234752893447876
-0.8831474184989929
-0.8788701295852661
