-1.1263700723648071
-1.165898323059082
-1.9737133979797363
-1.0836273431777954
-1.016770839691162
-0.7916967868804932
-0.909303605556488
-1.2350395917892456
-2.085550308227539
-1.1074224710464478
-1.1959636211395264
-1.0813922882080078
-2.2062571048736572
-1.235145926475525
-1.1630619764328003
-1.7623512744903564
-1.408807635307312
-0.9628738164901733
-1.841064453125
-1.3087760210037231
-1.9920799732208252
-0.8198350071907043
-0.9657308459281921
-1.7338998317718506
-0.8146344423294067
-1.0456682443618774
-1.0082558393478394
-1.0983095169067383
-0.9534459710121155
-1.1183338165283203
-1.1106541156768799
-1.0110856294631958
-0.9997659921646118
-0.9161366820335388
-2.438394069671631
-1.130136489868164
-1.01034414768219
-1.1059014797210693
-1.0779154300689697
-1.0674738883972168
-1.1537034511566162
-0.6060131192207336
-1.0299949645996094
-0.9259317517280579
-1.1585479974746704
-0.7607082724571228
-1.0729444026947021
-1.0794570446014404
-1.5429236888885498
-1.085832118988037
-1.0955203771591187
-1.5431870222091675
-2.081500768661499
-1.2046819925308228
-2.0724029541015625
-1.1755249500274658
-2.1996171474456787
-0.8331224322319031
-1.2044627666473389
-1.0128601789474487
-1.1153689622879028
-1.0670102834701538
-2.0626373291015625
-1.0244638919830322
-1.1913049221038818
-1.1602109670639038
-1.0942528247833252
-1.2310694456100464
-1.2462923526763916
-1.1103287935256958
-0.9338212609291077
-1.1615101099014282
-1.5032548904418945
-1.7576361894607544
-1.2007250785827637
-1.0145841836929321
-1.0503710508346558
-0.8674167990684509
-1.8946255445480347
-1.042393445968628
-1.02857506275177
-1.8851099014282227
-1.1867588758468628
-1.483536958694458
-1.670395016670227
-1.0486539602279663
-1.332346796989441
-1.0544970035552979
-1.0387966632843018
-1.093565821647644
-1.984809160232544
-1.1621687412261963
-2.2128615379333496
-1.1947051286697388
-1.1038016080856323
-1.5104831457138062
-1.0377092361450195
-0.866381824016571
-1.0827983617782593
-0.7282491326332092
-1.655163288116455
-1.3746421337127686
-1.1041107177734375
-1.8906192779541016
-1.161595106124878
-1.089317798614502
-1.160070776939392
-1.2030781507492065
-0.9556293487548828
-1.2286792993545532
-0.9184979796409607
-1.3533272743225098
-1.014407992362976
-1.7418231964111328
-1.9238876104354858
-1.1774309873580933
-1.386926531791687
-1.408848762512207
-1.2124354839324951
-1.0504356622695923
-1.1096388101577759
-1.4692473411560059
-0.9031569361686707
-1.1306354999542236
-1.1587868928909302
-1.640411376953125
-1.5002503395080566
-1.1224408149719238
-0.9960712194442749
-1.5779441595077515
-1.317279577255249
-0.6658913493156433
-1.2392704486846924
-1.6184449195861816
-1.1591942310333252
-1.9122579097747803
-0.8884254693984985
-2.2898428440093994
-1.1486985683441162
-1.228266954421997
-1.0405151844024658
-1.20974600315094
-1.0884422063827515
-1.0744608640670776
-1.3645210266113281
-1.0498046875
-1.6196118593215942
-1.0858328342437744
-1.073394536972046
-1.2253025770187378
-1.1815751791000366
-1.627408742904663
-0.935499370098114
-2.314236640930176
-1.0091644525527954
-0.8005499243736267
-1.163963794708252
-2.094780921936035
-1.2229989767074585
-1.0738413333892822
-1.8382128477096558
-1.0452971458435059
-1.9392176866531372
-1.8066473007202148
-1.1535711288452148
-1.0198969841003418
-0.7895625829696655
-1.4930000305175781
-1.6013518571853638
-0.9329313635826111
-0.8046355843544006
-0.9096037745475769
-1.1238561868667603
-1.065070390701294
-1.5508874654769897
-1.1875824928283691
-0.7890037894248962
-1.0132086277008057
-0.9134381413459778
-1.2706174850463867
-1.0063700675964355
-1.1745399236679077
-1.1270315647125244
-0.8975680470466614
-1.03645920753479
-1.3848748207092285
-0.7801142334938049
-1.2817964553833008
-1.483910083770752
-2.3164961338043213
-1.2261595726013184
-2.094520092010498
-1.1486985683441162
-2.0142061710357666
-0.8477067351341248
-0.992301344871521
-0.9476386308670044
-1.3549466133117676
-1.166155457496643
-0.7458370327949524
-1.1936548948287964
-1.699218511581421
-1.0429717302322388
-1.1474997997283936
-1.024904727935791
-2.3675758838653564
-1.3190864324569702
-1.4623185396194458
-0.9738607406616211
-0.798288106918335
-2.0558438301086426
-1.645439624786377
-1.2366089820861816
-1.915489912033081
-1.5363438129425049
-1.2505075931549072
-1.1246236562728882
-2.0441479682922363
-0.9942972660064697
-1.0390397310256958
-1.403263807296753
-1.0017869472503662
-2.0584588050842285
-0.8525897264480591
-1.1548972129821777
-1.128671407699585
-1.3033419847488403
-1.2923237085342407
-0.989137589931488
-1.2742424011230469
-1.3598108291625977
-1.12503981590271
-0.9965482354164124
-0.8747790455818176
-0.7928653955459595
-2.388278007507324
-1.2185004949569702
-0.7120110392570496
-1.1099424362182617
-2.4156653881073
-1.463110089302063
-1.178938388824463
-1.172642707824707
-2.0794878005981445
-1.021263599395752
-1.1310005187988281
-1.1613775491714478
-2.4035823345184326
-1.7458717823028564
-1.1050870418548584
-1.0594487190246582
-1.0467171669006348
-1.0771076679229736
-1.1218024492263794
-2.489856004714966
-1.1701492071151733
-2.340203046798706
-1.9567792415618896
-0.893146812915802
-1.0501638650894165
-2.165799856185913
-0.9229667782783508
-1.0622817277908325
-1.0141654014587402
-1.0900059938430786
-1.8107002973556519
-1.1625137329101562
-1.072123408317566
-1.0202088356018066
-1.0398080348968506
-1.0137399435043335
-1.6830780506134033
-1.4249582290649414
-0.8714225888252258
-1.031967043876648
-1.7820640802383423
-0.9272761940956116
-1.542849063873291
-0.6013661026954651
-1.1206905841827393
-1.2456822395324707
-2.032358407974243
-1.1884028911590576
-1.655011534690857
-2.388972043991089
-1.0771428346633911
-1.077627182006836
-0.9232701659202576
-1.242997646331787
-1.7801964282989502
-1.1467174291610718
-1.0203837156295776
-1.9852582216262817
-0.46666911244392395
-0.7889093160629272
-1.130999207496643
-1.5204278230667114
-1.1464793682098389
-1.624514102935791
-1.1471707820892334
-1.3473678827285767
-2.1176199913024902
-0.9021451473236084
-0.8746873140335083
-0.6597834825515747
-0.7764117121696472
-1.1086171865463257
-1.8097963333129883
-1.1556262969970703
-1.5723081827163696
-0.9886267781257629
-1.1216657161712646
-1.7775757312774658
-2.0879719257354736
-2.145812511444092
-1.1738618612289429
-1.2579313516616821
-1.1358661651611328
-1.195291519165039
-2.549960136413574
-1.1120389699935913
-1.0466902256011963
-1.5830461978912354
-1.1539506912231445
-1.0007004737854004
-0.8926845788955688
-0.9835829138755798
-1.4025678634643555
-2.27317214012146
-0.9636044502258301
-1.8341741561889648
-1.2639535665512085
-1.0389139652252197
-0.8852656483650208
-1.911062479019165
-1.2444076538085938
-1.5672214031219482
-1.0343931913375854
-2.245642900466919
-1.481268048286438
-2.1389026641845703
-1.0745949745178223
-1.267920732498169
-1.1104941368103027
-1.7360186576843262
-1.1154690980911255
-1.8234913349151611
-1.5176411867141724
-0.926781177520752
-1.4285095930099487
-1.7151581048965454
-0.9516322016716003
-0.8212737441062927
-0.742820143699646
-1.285459280014038
-0.8017428517341614
-2.0405688285827637
-0.7462822198867798
-1.9816830158233643
-1.1002120971679688
-1.1060062646865845
-0.9515076875686646
-1.0937317609786987
-1.0272475481033325
-0.9849441051483154
-1.1523799896240234
-1.10674250125885
-1.223494291305542
-1.6071258783340454
-2.267181873321533
-1.1882288455963135
-2.0139591693878174
-1.5369951725006104
-0.8482130169868469
-1.2458012104034424
-1.3589361906051636
-1.2816176414489746
-1.1249117851257324
-1.096195936203003
-1.0285792350769043
-0.960178792476654
-0.9929446578025818
-2.3173038959503174
-1.6444822549819946
-1.2627980709075928
-1.1018515825271606
-1.0781124830245972
-0.988773763179779
-0.8775246739387512
-2.444795608520508
-0.9080117344856262
-1.0755209922790527
-1.0428712368011475
-1.176215648651123
-1.8210933208465576
-0.9259054660797119
-1.0208477973937988
-0.893989622592926
-1.117375373840332
-0.9654096961021423
-1.5648432970046997
-0.9961897730827332
-1.2052522897720337
-1.7904930114746094
-0.898946225643158
-1.2121235132217407
-2.573152780532837
-1.7372981309890747
-0.6708402633666992
-1.6384592056274414
-0.9207267165184021
-1.8039695024490356
-0.9043785929679871
-2.334073066711426
-2.1297647953033447
-1.8138303756713867
-1.1757112741470337
-0.8671008944511414
-0.8357354402542114
-0.8513239622116089
-1.0189224481582642
-1.1730756759643555
-1.2222591638565063
-1.1290737390518188
-0.6782246232032776
-1.246360182762146
-0.8445701003074646
-0.9400319457054138
-1.1733944416046143
-0.8761985898017883
-1.0240758657455444
-1.156264305114746
-2.2825427055358887
-1.1151814460754395
-0.8877348303794861
-1.1996079683303833
-0.6459193229675293
-0.9347068071365356
-1.1663849353790283
-1.1493290662765503
-1.1744158267974854
-1.2996584177017212
-2.0032172203063965
-1.1875312328338623
-2.2157983779907227
-1.2993706464767456
-1.1256375312805176
-0.9299999475479126
-1.1817225217819214
-2.3123373985290527
-0.9165486693382263
-0.953721284866333
-1.2111726999282837
-1.6592345237731934
-1.238584280014038
-1.0506634712219238
-1.0601582527160645
-1.0266163349151611
-1.1796596050262451
-0.6444410085678101
-1.9646164178848267
-1.1565006971359253
-1.1469199657440186
-1.5951876640319824
-0.7922876477241516
-1.3996217250823975
-1.4743335247039795
-2.1946792602539062
-1.5719777345657349
-2.031419515609741
-1.0268880128860474
-1.045499324798584
-1.2518501281738281
-1.1992295980453491
-1.198974847793579
-1.1295199394226074
-1.3952813148498535
-1.074095606803894
-0.8251946568489075
-0.9825051426887512
-1.0054703950881958
-1.2472643852233887
-1.6176623106002808
-1.0906169414520264
-1.260939121246338
-1.1187939643859863
-1.1671814918518066
-1.3784738779067993
-1.059025526046753
-0.998461127281189
-1.337557315826416
-1.106458067893982
-1.0092365741729736
-1.0125470161437988
-1.2475414276123047
-1.0636579990386963
-1.0370045900344849
-1.0476698875427246
-1.8865001201629639
-1.1266157627105713
-0.8386685252189636
-1.241592288017273
-1.1124584674835205
-1.099804162979126
-1.4305784702301025
-1.0185155868530273
-1.1594980955123901
-1.1010100841522217
-1.1114425659179688
-1.0044939517974854
-1.121103048324585
-0.9140030145645142
-1.3866379261016846
-1.269302248954773
-1.731200098991394
-1.6300410032272339
-0.9321854710578918
-1.0132355690002441
-1.1387399435043335
-1.7036607265472412
-0.9035769701004028
-1.3277884721755981
-1.2417678833007812
-1.3815463781356812
-1.3726633787155151
-1.1131099462509155
-0.6319716572761536
-0.9351767897605896
-1.1725084781646729
-0.7102425694465637
-1.1439753770828247
-0.8851453065872192
-1.9680136442184448
-1.1032822132110596
-1.6554019451141357
-0.9569430351257324
-1.57265043258667
-1.273409366607666
-1.167484998703003
-2.1187143325805664
-1.1368156671524048
-1.0522593259811401
-1.0354218482971191
-1.1064326763153076
-1.345001220703125
-1.133226990699768
-1.4370620250701904
-1.5497890710830688
-1.1139665842056274
-1.212735891342163
-1.000957727432251
-0.9849752187728882
-0.9878555536270142
-1.1168372631072998
-1.147118330001831
-2.0858545303344727
-0.9566196203231812
-0.9383457899093628
-1.4074915647506714
-1.1621758937835693
-1.0825858116149902
-1.8740043640136719
-1.139832854270935
-1.3545329570770264
-1.0508906841278076
-2.2911436557769775
-1.2634563446044922
-0.894289493560791
-1.9054031372070312
-1.1178412437438965
-0.6532650589942932
-0.8302127718925476
-2.0815796852111816
-1.7454848289489746
-1.1640063524246216
-1.3938062191009521
-1.5568084716796875
-1.4267417192459106
-0.8141411542892456
-1.1345258951187134
-1.0433276891708374
-0.9201614856719971
-1.0725268125534058
-1.065801978111267
-0.8860896229743958
-2.1668436527252197
-0.9776891469955444
-1.1411244869232178
-0.8845971822738647
-1.5712088346481323
-2.2391037940979004
-1.037948489189148
-0.9121590256690979
-0.9684006571769714
-0.8543896079063416
-0.7288686633110046
-1.1924731731414795
-0.9933066368103027
-1.2016819715499878
-1.0663412809371948
-1.151174783706665
-0.7395743131637573
-1.2845569849014282
-2.1393046379089355
-1.1328214406967163
-1.2261879444122314
-1.1388413906097412
-1.2614365816116333
-1.1760061979293823
-1.136354923248291
-2.0572428703308105
-1.0011404752731323
-0.9686927199363708
-1.1915243864059448
-1.20926034450531
-1.241532564163208
-1.1933214664459229
-1.2279714345932007
-1.1153675317764282
-1.0287314653396606
-1.0957289934158325
-1.1670105457305908
-1.452927827835083
-2.1909563541412354
-1.0107413530349731
-1.0197402238845825
-1.2378926277160645
-1.1222572326660156
-0.934951901435852
-0.8831987977027893
-1.414765477180481
-1.9705731868743896
-2.2524542808532715
-1.1086318492889404
-1.1726564168930054
-1.0829734802246094
-1.0523332357406616
-0.8314526677131653
-1.067692518234253
-0.9913919568061829
-1.6463706493377686
-1.8625420331954956
-1.1267101764678955
-1.1106873750686646
-0.9869787096977234
-1.1486053466796875
-1.0655571222305298
-1.1835905313491821
-1.359025478363037
-1.030996322631836
-1.16943359375
-1.1156119108200073
-1.33699369430542
-1.1914832592010498
-1.3961141109466553
-1.6285121440887451
-1.0894078016281128
-1.834823727607727
-1.0849353075027466
-1.7557038068771362
-1.464104175567627
-1.581626057624817
-1.1631145477294922
-1.2467870712280273
-1.1944438219070435
-1.3488445281982422
-1.0665926933288574
-1.1065242290496826
-2.3061904907226562
-1.2335444688796997
-0.509636402130127
-1.335754632949829
-1.1477487087249756
-0.853870153427124
-1.219365119934082
-1.988222599029541
-0.911194384098053
-1.1092967987060547
-1.2025971412658691
-1.0839769840240479
-1.9789645671844482
-1.090032696723938
-1.309618592262268
-1.2505799531936646
-1.12228524684906
-1.6165602207183838
-0.9562821388244629
-2.223090648651123
-1.1428697109222412
-1.3064168691635132
-1.4010764360427856
-1.1460624933242798
-2.4225645065307617
-1.2016321420669556
-0.9963991641998291
-0.9694061279296875
-0.9976465702056885
-1.135978102684021
-2.055845022201538
-1.0992176532745361
-2.2818500995635986
-1.1193221807479858
-1.4583592414855957
-1.0077228546142578
-1.3632323741912842
-2.047208786010742
-1.2370731830596924
-1.6679551601409912
-0.5922765135765076
-1.0512335300445557
-1.1109600067138672
-1.1847715377807617
-1.2972137928009033
-1.2345985174179077
-1.2313276529312134
-1.0945508480072021
-1.0580576658248901
-2.004624843597412
-1.770655870437622
-1.1848288774490356
-1.1372933387756348
-1.1399917602539062
-1.4119185209274292
-0.7024520635604858
-1.9187817573547363
-1.868671178817749
-1.0221338272094727
-1.7632023096084595
-0.9451252222061157
-2.0392520427703857
-1.1017409563064575
-1.3435746431350708
-1.2295622825622559
-0.9489778280258179
-1.0124293565750122
-1.0273735523223877
-1.4410157203674316
-1.1754416227340698
-0.974751353263855
-1.1734158992767334
-2.467318534851074
-1.0452783107757568
-1.736835241317749
-1.291806697845459
-0.7976811528205872
-0.9593111276626587
-1.854182243347168
-1.0328580141067505
-1.452508568763733
-1.9625595808029175
-1.1758346557617188
-0.8046281337738037
-1.0206950902938843
-0.8636806011199951
-1.1353830099105835
-2.1728715896606445
-1.3662562370300293
-1.5369216203689575
-1.1812427043914795
-1.1224979162216187
-1.0909122228622437
-1.9940534830093384
-1.0398285388946533
-1.1945843696594238
-0.8201044797897339
-1.0205011367797852
-2.343353271484375
-1.1137397289276123
-2.029952049255371
-1.631533145904541
-1.5270498991012573
-1.188408374786377
-1.0922825336456299
-1.0419762134552002
-1.0720562934875488
-1.2157199382781982
-1.1082828044891357
-1.2362991571426392
-2.424192428588867
-1.2305021286010742
-1.7451177835464478
-1.0518087148666382
-2.0026257038116455
-1.9191535711288452
-1.132890224456787
-0.6209768056869507
-1.1529181003570557
-1.8572889566421509
-1.9097434282302856
-1.6287996768951416
-1.0144537687301636
-1.1951497793197632
-0.965310275554657
-0.7190245985984802
-1.029414415359497
-1.192542552947998
-1.0647763013839722
-1.027310848236084
-0.8873189091682434
-0.9921329617500305
-0.8877196311950684
-1.298495888710022
-1.1633741855621338
-1.1380984783172607
-1.1168334484100342
-1.2083520889282227
-1.0837057828903198
-2.787809371948242
-1.0978026390075684
-2.109163284301758
-1.3096580505371094
-1.0086357593536377
-1.8709752559661865
-1.331469178199768
-1.1667914390563965
-0.9378118515014648
-1.2137736082077026
-1.0031006336212158
-0.9231557846069336
-0.9497539401054382
-1.1433117389678955
-1.156430721282959
-1.1310875415802002
-0.9314880967140198
-1.0294991731643677
-1.882826328277588
-1.1839314699172974
-0.8141800165176392
-1.784204363822937
-1.0027345418930054
-1.441578984260559
-1.2283272743225098
-0.9285820722579956
-1.138286828994751
-1.1716418266296387
-1.8589767217636108
-1.3695275783538818
-1.09847891330719
-1.2689943313598633
-0.997385561466217
-1.2793008089065552
-1.093689203262329
-1.8569780588150024
-0.9501561522483826
-1.6421043872833252
-2.1596505641937256
-1.9920068979263306
-0.9575355052947998
-0.8130913376808167
-0.9796912670135498
-0.8876194357872009
-1.0947682857513428
-0.9967613220214844
-1.1711119413375854
-1.0500327348709106
-1.2541662454605103
-2.1230242252349854
-0.8742793798446655
-1.1924971342086792
-1.204241394996643
-1.0988960266113281
-1.2316292524337769
-1.1133379936218262
-1.0859426259994507
-1.1967819929122925
-1.1250712871551514
-1.0383309125900269
-1.2236137390136719
-1.4173943996429443
-1.5129576921463013
-0.7767094373703003
-1.1123335361480713
-0.8888947367668152
-0.8743571639060974
-1.1087642908096313
-1.0423271656036377
-0.6138525605201721
-1.0314496755599976
-1.1588037014007568
-1.6339917182922363
-1.2368508577346802
-2.3529486656188965
-0.8229220509529114
-1.161354660987854
-1.0832736492156982
-0.7602245807647705
-0.8884256482124329
-0.8810122013092041
-1.0887336730957031
-1.0066860914230347
-1.169469952583313
-1.6751309633255005
-1.546499252319336
-2.063735246658325
-1.1503748893737793
-2.221508026123047
-0.6359149813652039
-1.1164518594741821
-1.1373562812805176
-1.0919034481048584
-0.8969833254814148
-1.076723575592041
-0.9555041193962097
-2.0298891067504883
-1.287116289138794
-2.463083505630493
-0.9571171402931213
-0.9472069144248962
-0.9373173117637634
-0.9988597631454468
-0.8844283223152161
-1.1202338933944702
-1.046677589416504
-0.6909186840057373
-0.9157555103302002
-0.7694421410560608
-1.0959272384643555
-1.101726770401001
-1.1430174112319946
-2.104588508605957
-0.890182614326477
-1.0579419136047363
-1.3084619045257568
-1.2992035150527954
-0.8371676206588745
-1.291717767715454
-1.119510293006897
-1.1767218112945557
-1.853646159172058
-2.189079523086548
-2.0651888847351074
-2.4310405254364014
-2.472595691680908
-1.2807676792144775
-1.176268458366394
-1.1070705652236938
-0.9869950413703918
-1.0163352489471436
-1.0638447999954224
-0.9548158049583435
-1.1588689088821411
-0.9613910913467407
-0.9298886060714722
-1.8090234994888306
-1.1683058738708496
-1.7366844415664673
-1.6558585166931152
-1.8267922401428223
-1.0205971002578735
-0.8113399147987366
-1.1458686590194702
-1.102424144744873
-1.0260921716690063
-1.8836315870285034
-1.7181793451309204
-2.11741304397583
-1.4701460599899292
-0.6943071484565735
-1.1073507070541382
-1.0786774158477783
-1.135693907737732
-1.011655569076538
-0.9079316258430481
-2.654900312423706
-1.180420160293579
-0.8039925694465637
-1.3598042726516724
-1.1681032180786133
-1.2422966957092285
-1.6659996509552002
-1.1829943656921387
-2.179455518722534
-1.04315185546875
-1.266161561012268
-1.1650664806365967
-0.897142767906189
-1.2656056880950928
-1.1366946697235107
-1.738539218902588
-1.1122100353240967
-0.8562514781951904
-1.1223646402359009
-2.29239821434021
-1.233565092086792
-0.8858693838119507
-1.4400928020477295
-1.2785704135894775
-0.8335193395614624
-0.8962500095367432
-0.88640958070755
-1.0167372226715088
-1.334948182106018
-0.9568202495574951
-0.5794047713279724
-1.1096426248550415
-2.0114386081695557
-0.7872224450111389
-1.1444122791290283
-1.0717788934707642
-0.9846060872077942
-1.0106868743896484
-2.158620595932007
-1.0913844108581543
-1.4826664924621582
-2.4880356788635254
-0.9243539571762085
-1.1343828439712524
-1.0791234970092773
-1.3490780591964722
-1.0559823513031006
-0.8378151655197144
-0.9683946967124939
-1.1637896299362183
-1.0315104722976685
-1.2308063507080078
-1.4244463443756104
-1.3710756301879883
-1.8958024978637695
-1.2132720947265625
-1.3312855958938599
-0.9055838584899902
-2.284766912460327
-1.1266136169433594
-1.1248424053192139
-1.1817855834960938
-2.5384905338287354
-0.8817178606987
-1.0790055990219116
-2.0752272605895996
-1.5239776372909546
-0.9801855087280273
-1.6242280006408691
-0.9423101544380188
-1.142274260520935
-1.1272069215774536
-1.6760709285736084
-1.400195837020874
-0.9127367734909058
-1.0716471672058105
-2.1422226428985596
-1.1775236129760742
-1.6190638542175293
-1.0084543228149414
-1.1782153844833374
-0.9619997143745422
-2.055500030517578
-1.0352046489715576
-1.0466718673706055
-1.2512757778167725
-1.572052240371704
-1.1766633987426758
-2.035991668701172
-1.254154086112976
-0.6641223430633545
-0.7897411584854126
-1.8507481813430786
-1.1604846715927124
-1.207391619682312
-1.6198198795318604
-1.0539705753326416
-1.0738115310668945
-1.0843158960342407
-2.280621290206909
-1.130921483039856
-1.232817530632019
-1.1172780990600586
-2.390209674835205
-1.2727487087249756
-1.6205984354019165
-1.1731204986572266
-1.638272762298584
-0.9465509057044983
-0.9664919376373291
-0.8892365097999573
-1.3286612033843994
-1.0936928987503052
-0.8821131587028503
-1.0985312461853027
-1.2186048030853271
-1.3901429176330566
-1.7506792545318604
-1.0626533031463623
-0.9764963984489441
-1.0464377403259277
-1.027514934539795
-1.96730375289917
-1.2988464832305908
-0.9476085305213928
-2.434711456298828
-1.5685970783233643
-1.0474592447280884
-1.1413867473602295
-0.8787242770195007
-1.285502552986145
-1.059341549873352
-1.0724745988845825
-2.4071028232574463
-0.980463981628418
-1.0302906036376953
-1.355968952178955
-1.016890287399292
-0.9078822135925293
-1.1230595111846924
-1.1968011856079102
-0.9870761036872864
-2.238029718399048
-1.004781723022461
-1.061803936958313
-2.294304609298706
-0.9503371119499207
-2.0039443969726562
-2.233474016189575
-1.7833276987075806
-1.1004462242126465
-2.120548725128174
-1.0753947496414185
-1.5650862455368042
-1.7052838802337646
-1.0107238292694092
-2.325571298599243
-1.1843128204345703
-0.8422687649726868
-1.1703591346740723
-1.0746188163757324
-1.130362868309021
-1.6382856369018555
-1.3068304061889648
-1.3678796291351318
-0.9279206991195679
-1.7100820541381836
-1.1570944786071777
-1.052199125289917
-1.3614617586135864
-1.048568844795227
-1.0562522411346436
-0.9995537996292114
-1.0334014892578125
-1.8198754787445068
-1.756873369216919
-0.9636803269386292
-2.1352078914642334
-2.0432825088500977
-2.602057456970215
-1.5005053281784058
-1.1943992376327515
-1.8938257694244385
-1.6387903690338135
-1.1853729486465454
-0.886746883392334
-0.8170906901359558
-2.5114049911499023
-1.3967251777648926
-1.2222111225128174
-1.1466795206069946
-1.0247973203659058
-1.0835626125335693
-1.3486943244934082
-1.1451549530029297
-1.0475090742111206
