-1.2471437454223633
-1.257596731185913
-1.9295557737350464
-1.0888837575912476
-0.8020137548446655
-1.2037736177444458
-0.7907574772834778
-0.8107903599739075
-1.254225730895996
-1.0177398920059204
-0.9687859416007996
-1.0035330057144165
-2.0539355278015137
-0.6636223196983337
-1.2923626899719238
-2.7992208003997803
-1.1706621646881104
-2.0490825176239014
-2.332399845123291
-1.069397211074829
-1.1999136209487915
-0.8964724540710449
-0.5930373072624207
-1.443317174911499
-1.1378494501113892
-0.8600165247917175
-0.9959041476249695
-1.3227715492248535
-1.0415040254592896
-1.110323429107666
-1.1363930702209473
-0.593666136264801
-1.1750456094741821
-1.1153268814086914
-2.5830650329589844
-1.236236572265625
-1.0175098180770874
-1.3072903156280518
-1.0156831741333008
-1.1362583637237549
-0.8302554488182068
-1.2063446044921875
-1.1667252779006958
-1.2368478775024414
-1.1796149015426636
-2.379175901412964
-1.2758169174194336
-1.1564537286758423
-1.2660136222839355
-1.1893367767333984
-1.19187331199646
-1.1263477802276611
-2.395137071609497
-0.9767274856567383
-2.075316905975342
-0.9679260849952698
-2.214393377304077
-1.3052178621292114
-1.3069725036621094
-1.1299668550491333
-1.2883414030075073
-1.1287394762039185
-1.1172237396240234
-1.139392614364624
-1.1489415168762207
-0.8803948760032654
-1.7797046899795532
-0.813511073589325
-1.4252748489379883
-1.1785144805908203
-0.8539609909057617
-1.0120044946670532
-1.1466224193572998
-0.8403636813163757
-1.3290393352508545
-1.0734004974365234
-1.4816616773605347
-2.0305581092834473
-1.8405228853225708
-1.1310491561889648
-1.6171802282333374
-1.1600614786148071
-2.3100757598876953
-0.8340328931808472
-0.6892034411430359
-1.4305928945541382
-1.5134315490722656
-1.0527383089065552
-0.9922177791595459
-0.9931783676147461
-1.7699223756790161
-0.871797502040863
-1.1034955978393555
-2.415930986404419
-0.901313841342926
-1.3089685440063477
-0.7937766313552856
-2.328277111053467
-1.1804202795028687
-1.1229228973388672
-1.9223175048828125
-1.3491500616073608
-1.1710097789764404
-1.0714707374572754
-1.0913825035095215
-1.0153952836990356
-1.207170844078064
-1.1668751239776611
-0.8726943731307983
-1.4951473474502563
-1.1109163761138916
-1.3939075469970703
-0.9890490174293518
-1.2181854248046875
-2.10139536857605
-0.9538564085960388
-1.0719366073608398
-0.981450617313385
-1.2503949403762817
-1.5702943801879883
-1.2318685054779053
-1.3199925422668457
-1.1693646907806396
-0.8532525300979614
-1.1226832866668701
-1.2149983644485474
-1.0314635038375854
-1.1327894926071167
-0.8014033436775208
-1.3871190547943115
-1.3005595207214355
-0.9811173677444458
-0.9961787462234497
-1.5302307605743408
-1.3150396347045898
-1.9168776273727417
-0.8366848826408386
-2.49942946434021
-1.0140421390533447
-1.1576356887817383
-1.5418576002120972
-1.0112016201019287
-1.0371122360229492
-1.1423110961914062
-1.2315815687179565
-0.9777042865753174
-1.3061084747314453
-0.8765643835067749
-1.1024270057678223
-1.0390866994857788
-0.853377640247345
-1.6027536392211914
-1.0916112661361694
-1.2210370302200317
-1.2735763788223267
-1.0203038454055786
-1.0303210020065308
-1.6913741827011108
-1.3077195882797241
-1.2219547033309937
-0.8132731318473816
-0.9972771406173706
-0.8568655848503113
-1.289015769958496
-1.0438213348388672
-1.282077431678772
-1.0864804983139038
-1.9862442016601562
-1.736859917640686
-1.028424620628357
-1.3209651708602905
-1.447823166847229
-0.9809146523475647
-0.7924660444259644
-0.8612976670265198
-0.8690358400344849
-1.5839985609054565
-1.5843173265457153
-2.1501238346099854
-1.2063320875167847
-1.026922583580017
-1.2833266258239746
-1.1632587909698486
-1.3410671949386597
-0.6386473178863525
-1.3713068962097168
-1.2953240871429443
-1.4361987113952637
-1.3693588972091675
-2.069364547729492
-1.1424779891967773
-1.0554941892623901
-1.0140421390533447
-1.6338167190551758
-1.180666446685791
-0.9132885336875916
-0.8904858827590942
-1.629525899887085
-0.7674331665039062
-1.0775432586669922
-1.3167963027954102
-1.6655981540679932
-1.0996387004852295
-1.172074556350708
-1.175405502319336
-2.1444778442382812
-1.1871006488800049
-0.692660391330719
-1.4083657264709473
-1.0805647373199463
-1.2639143466949463
-0.6936015486717224
-1.240000605583191
-1.4275262355804443
-0.8588755130767822
-1.4879001379013062
-1.0170722007751465
-1.909787654876709
-1.1043981313705444
-1.0459716320037842
-2.2708816528320312
-1.2366610765457153
-0.9416000247001648
-1.2118228673934937
-1.101086974143982
-1.6716837882995605
-1.1699399948120117
-1.1866192817687988
-1.7385839223861694
-1.5862305164337158
-1.175088882446289
-1.1922497749328613
-1.0929789543151855
-1.0513231754302979
-1.1333991289138794
-2.3351662158966064
-0.9941853284835815
-1.1361949443817139
-0.9995579719543457
-1.4688218832015991
-1.065298080444336
-1.1254160404205322
-1.1249489784240723
-1.0748568773269653
-1.349736213684082
-1.2654767036437988
-0.9368187189102173
-1.4074128866195679
-1.1287086009979248
-1.097459077835083
-1.012487769126892
-1.0620050430297852
-1.052217960357666
-1.0648225545883179
-2.373765230178833
-1.064376711845398
-1.3348692655563354
-1.286903738975525
-0.8815847039222717
-1.1210929155349731
-0.9612722992897034
-1.4196219444274902
-0.8746636509895325
-1.2668251991271973
-1.0205259323120117
-1.8464056253433228
-1.105643630027771
-1.25918447971344
-0.9946871399879456
-1.1124533414840698
-1.0105209350585938
-2.296795606613159
-1.045464277267456
-1.0622475147247314
-1.2210670709609985
-1.0488808155059814
-0.7915871143341064
-1.264972448348999
-1.247909426689148
-0.9484776854515076
-0.9611883759498596
-1.1696020364761353
-1.2576793432235718
-1.230354905128479
-2.3115315437316895
-0.9863719344139099
-1.3758596181869507
-1.8113858699798584
-1.662876844406128
-0.8381360173225403
-1.1677550077438354
-1.1190361976623535
-2.2802534103393555
-2.2262141704559326
-1.2225359678268433
-1.2425144910812378
-1.3532426357269287
-1.3362642526626587
-1.0851080417633057
-1.0576012134552002
-1.0229308605194092
-1.8192354440689087
-1.0493422746658325
-2.06412672996521
-1.332085132598877
-1.4418048858642578
-1.0684690475463867
-2.013827323913574
-0.9278168082237244
-1.1710773706436157
-0.9215099215507507
-1.4223377704620361
-2.0681159496307373
-1.5194640159606934
-2.0386300086975098
-1.1007747650146484
-1.371917963027954
-1.1236320734024048
-1.1709996461868286
-2.4511046409606934
-1.118341326713562
-1.2542234659194946
-1.5107568502426147
-1.1007815599441528
-1.05390465259552
-1.1474603414535522
-1.2148338556289673
-1.1390419006347656
-1.8149949312210083
-1.8173867464065552
-1.8698652982711792
-1.4157962799072266
-1.8169251680374146
-1.0915875434875488
-1.8297251462936401
-1.2817095518112183
-1.290079116821289
-0.8451693058013916
-2.127401351928711
-1.56717050075531
-1.7263237237930298
-0.9533632397651672
-1.3576223850250244
-0.9352161288261414
-1.4019743204116821
-0.9573373794555664
-1.0132211446762085
-1.2185689210891724
-1.2998193502426147
-1.5170650482177734
-1.778169870376587
-1.3597357273101807
-1.0801390409469604
-2.042952299118042
-1.3881796598434448
-2.5644984245300293
-2.2692909240722656
-1.137721061706543
-1.012441873550415
-1.1465574502944946
-1.1851260662078857
-0.9926712512969971
-1.0842244625091553
-0.9313045144081116
-1.2249575853347778
-0.9760207533836365
-1.2389752864837646
-1.2479374408721924
-1.8272712230682373
-0.9749177098274231
-1.2851614952087402
-0.8887253999710083
-1.1101933717727661
-0.9425678849220276
-0.8948208093643188
-0.9263226985931396
-1.5035240650177002
-1.085174798965454
-1.443420648574829
-1.0635662078857422
-2.0029401779174805
-0.9596200585365295
-2.1137535572052
-1.1342761516571045
-1.238100290298462
-1.029052734375
-0.8895674347877502
-1.1905176639556885
-1.1670318841934204
-2.057060718536377
-1.0800979137420654
-1.2371485233306885
-1.0468854904174805
-1.0442756414413452
-2.278815507888794
-1.6099939346313477
-1.2264424562454224
-1.1282076835632324
-1.2378768920898438
-1.0985782146453857
-1.301053762435913
-1.1829997301101685
-1.2972605228424072
-1.2340211868286133
-0.8505710363388062
-1.037572979927063
-1.1832902431488037
-1.2305679321289062
-0.8370594382286072
-0.8484086990356445
-1.0678538084030151
-1.1696151494979858
-1.2963718175888062
-2.5399556159973145
-2.6668379306793213
-0.9109582901000977
-1.5104390382766724
-1.1175012588500977
-0.9635500311851501
-0.8604243397712708
-1.0556007623672485
-0.7670076489448547
-0.9737366437911987
-1.2653297185897827
-1.0438729524612427
-1.1681699752807617
-0.7602036595344543
-1.8381173610687256
-1.1219879388809204
-0.97502601146698
-1.268432855606079
-1.2846633195877075
-2.367316246032715
-1.1240017414093018
-1.0308133363723755
-1.3497570753097534
-1.0261154174804688
-1.0752887725830078
-0.7887831330299377
-1.1254161596298218
-1.0341622829437256
-1.2297742366790771
-2.3963093757629395
-1.0479925870895386
-1.1260045766830444
-1.1006183624267578
-0.9788966774940491
-1.1142123937606812
-0.9063331484794617
-2.2172904014587402
-1.2376279830932617
-1.1814602613449097
-1.6476035118103027
-1.3805612325668335
-0.8166064620018005
-0.91582190990448
-1.2319438457489014
-1.0357345342636108
-1.1642024517059326
-1.1495397090911865
-1.2337350845336914
-2.109278917312622
-1.2312984466552734
-2.3214468955993652
-0.8798073530197144
-1.0749279260635376
-1.5739885568618774
-1.1017102003097534
-1.2510484457015991
-1.0603936910629272
-1.4785728454589844
-1.3164937496185303
-1.2886477708816528
-2.095197916030884
-1.393850564956665
-1.3245595693588257
-1.5350868701934814
-1.1832140684127808
-1.8954046964645386
-1.3753387928009033
-1.4036427736282349
-1.2778515815734863
-1.2449475526809692
-1.3154475688934326
-1.5333378314971924
-1.0145066976547241
-1.1353503465652466
-1.4390383958816528
-1.8703428506851196
-0.9926605224609375
-1.1351476907730103
-1.1427981853485107
-1.2152819633483887
-1.2334293127059937
-1.1181704998016357
-1.2769391536712646
-0.8652637600898743
-1.2825931310653687
-0.9575751423835754
-1.128840684890747
-1.1569664478302002
-1.1877598762512207
-0.9212539792060852
-1.412516713142395
-1.5889441967010498
-1.452976942062378
-1.3870681524276733
-1.1320061683654785
-1.1663258075714111
-1.1574008464813232
-1.495200514793396
-2.0480427742004395
-1.181261658668518
-0.9974837899208069
-2.44279408454895
-1.163608431816101
-1.6214390993118286
-1.2825534343719482
-1.1668949127197266
-1.4619579315185547
-1.1428403854370117
-0.8525423407554626
-1.2179456949234009
-1.6007789373397827
-0.880014955997467
-1.1016534566879272
-1.4168457984924316
-0.8243986368179321
-1.2626347541809082
-1.336303949356079
-1.4309691190719604
-1.5495452880859375
-2.0594377517700195
-1.2227704524993896
-1.445095419883728
-1.2327880859375
-1.4846726655960083
-1.188873291015625
-1.0886062383651733
-0.9655789732933044
-0.9446281790733337
-1.185828447341919
-1.0938835144042969
-0.8846034407615662
-1.002084493637085
-1.1492401361465454
-1.6929978132247925
-1.4624295234680176
-0.8467231392860413
-1.3353891372680664
-0.8922154307365417
-1.1855034828186035
-1.5788263082504272
-1.3588403463363647
-1.2002595663070679
-1.2394636869430542
-0.9395788311958313
-1.1780213117599487
-1.122875452041626
-1.0632745027542114
-0.7677168846130371
-2.113858699798584
-0.9974694848060608
-1.0760669708251953
-1.180027723312378
-1.254375696182251
-1.2646923065185547
-0.7166290283203125
-1.9246312379837036
-1.093157410621643
-1.2297966480255127
-1.292206883430481
-1.9288238286972046
-1.3110949993133545
-1.2516189813613892
-1.263511061668396
-1.9732149839401245
-1.1747357845306396
-1.2382609844207764
-1.1499730348587036
-1.3738324642181396
-0.81107497215271
-1.3621360063552856
-1.1606849431991577
-1.4851518869400024
-1.7941166162490845
-0.9714553356170654
-1.381098747253418
-1.2280880212783813
-1.3841347694396973
-1.0915937423706055
-0.9740692973136902
-1.6413980722427368
-1.1257308721542358
-1.6091035604476929
-1.1935157775878906
-1.0699231624603271
-0.8163244724273682
-1.2611668109893799
-1.0103257894515991
-1.2338404655456543
-1.0173951387405396
-1.2331146001815796
-2.2350215911865234
-0.7608085870742798
-1.2264328002929688
-0.9748192429542542
-0.7051860690116882
-0.6614887118339539
-1.0428657531738281
-1.816346287727356
-2.071087598800659
-1.425330400466919
-1.0398508310317993
-0.9556605219841003
-2.5188467502593994
-2.100054979324341
-1.4434558153152466
-1.0229135751724243
-1.0796805620193481
-0.8415571451187134
-1.1601601839065552
-1.3928425312042236
-2.13789963722229
-0.8388001322746277
-0.8117192387580872
-1.4502921104431152
-1.0885182619094849
-0.6753838062286377
-0.8603006601333618
-1.1829191446304321
-2.183957815170288
-2.1591644287109375
-1.267777442932129
-1.1271499395370483
-1.031030297279358
-1.1116961240768433
-0.934654712677002
-0.9256517887115479
-1.4202914237976074
-1.485272765159607
-2.2914295196533203
-1.1644487380981445
-1.4027951955795288
-1.1053845882415771
-1.206836223602295
-1.0770918130874634
-0.868786633014679
-1.1850409507751465
-1.2039680480957031
-1.0780812501907349
-2.3324944972991943
-1.1925736665725708
-1.072912573814392
-0.9521639347076416
-1.175647258758545
-1.1599819660186768
-1.4880255460739136
-1.0910158157348633
-1.823764681816101
-1.2690949440002441
-1.651947021484375
-1.4388201236724854
-1.0413596630096436
-1.3666701316833496
-1.103222131729126
-1.2776978015899658
-0.9456444382667542
-1.3483999967575073
-1.1827583312988281
-1.2563670873641968
-2.0166215896606445
-0.9303818941116333
-0.8215917348861694
-1.1898727416992188
-0.8164697885513306
-0.9026497602462769
-0.9041595458984375
-0.9398008584976196
-1.1370220184326172
-2.098275661468506
-0.9435391426086426
-0.937386691570282
-1.285934329032898
-1.0969228744506836
-1.210157036781311
-1.1838617324829102
-0.985447108745575
-1.372109055519104
-1.0526057481765747
-1.589866042137146
-0.8415430188179016
-2.041229248046875
-1.3265833854675293
-1.099557876586914
-1.2236980199813843
-0.7072158455848694
-1.3918007612228394
-0.9454395174980164
-0.9182961583137512
-2.383038282394409
-1.191798210144043
-2.0741045475006104
-1.4566541910171509
-1.4365981817245483
-0.6544291973114014
-1.024200201034546
-1.698095440864563
-1.268385410308838
-1.1965723037719727
-1.0786494016647339
-1.0946329832077026
-1.6576871871948242
-1.4502475261688232
-1.2229398488998413
-0.9247653484344482
-1.3223124742507935
-1.513005018234253
-1.570486307144165
-1.2416651248931885
-1.1850290298461914
-1.3933358192443848
-1.1842931509017944
-1.2206599712371826
-1.2518343925476074
-2.1565513610839844
-1.8929728269577026
-1.192347764968872
-1.1258058547973633
-0.9092093706130981
-1.1652426719665527
-1.5136462450027466
-1.505204200744629
-1.1144952774047852
-1.2755014896392822
-1.036199927330017
-1.0001546144485474
-1.274579644203186
-1.1616382598876953
-1.1832661628723145
-1.3294073343276978
-1.926407814025879
-1.425616979598999
-1.014719009399414
-1.4756492376327515
-0.9078259468078613
-1.0357615947723389
-0.983732283115387
-1.4342995882034302
-2.1610488891601562
-1.1692230701446533
-1.2620306015014648
-1.0642637014389038
-1.3359708786010742
-1.288399577140808
-0.8105344176292419
-1.3203132152557373
-1.1607019901275635
-1.1327797174453735
-1.1828962564468384
-1.1411843299865723
-1.2258652448654175
-1.2569034099578857
-0.9911092519760132
-0.6877018213272095
-0.8624254465103149
-1.0134375095367432
-1.351245641708374
-2.123661756515503
-1.4048494100570679
-2.1145336627960205
-1.033973217010498
-1.1087384223937988
-1.556183099746704
-0.8994794487953186
-1.579349160194397
-1.2095268964767456
-1.2980456352233887
-1.0244122743606567
-1.3612184524536133
-1.9861621856689453
-1.393446683883667
-1.3192858695983887
-1.7715240716934204
-1.1887141466140747
-2.014880657196045
-0.8501359820365906
-2.2405881881713867
-1.7848384380340576
-1.7495759725570679
-1.1062067747116089
-1.2074931859970093
-2.2236130237579346
-1.068336009979248
-0.8212102055549622
-1.1238082647323608
-0.9933170676231384
-1.470164179801941
-1.0628862380981445
-1.4535623788833618
-1.7813191413879395
-0.7967584133148193
-1.068627119064331
-1.210476279258728
-1.0145831108093262
-1.3494820594787598
-1.0091907978057861
-2.2020199298858643
-1.0029886960983276
-2.0309698581695557
-1.1970075368881226
-1.060577154159546
-1.5616027116775513
-0.9329233169555664
-1.2132675647735596
-0.9203088879585266
-2.2695999145507812
-1.2970468997955322
-1.2044110298156738
-0.7576332092285156
-1.004217505455017
-1.2129383087158203
-1.0714941024780273
-1.3440747261047363
-0.8667462468147278
-1.4731383323669434
-1.0000312328338623
-1.4955705404281616
-1.7561980485916138
-1.3114362955093384
-1.3283655643463135
-0.8195341229438782
-1.2316533327102661
-1.0137561559677124
-1.2794742584228516
-2.1413960456848145
-1.1135741472244263
-1.0793536901474
-0.9228560328483582
-1.513664960861206
-1.0495432615280151
-0.8195558190345764
-1.4433900117874146
-0.9769014716148376
-1.9802284240722656
-2.471220016479492
-1.2060494422912598
-1.102736473083496
-2.282228469848633
-0.940784215927124
-1.3119398355484009
-1.036719560623169
-1.0552701950073242
-1.328744649887085
-0.9657047986984253
-1.0959776639938354
-2.2134108543395996
-2.376124143600464
-0.9811925292015076
-1.3389041423797607
-0.7619563937187195
-1.2058298587799072
-1.372518539428711
-1.0917316675186157
-1.3462682962417603
-0.9004290699958801
-0.8337143063545227
-1.2380393743515015
-1.5472767353057861
-1.366252064704895
-0.8611111640930176
-1.056363821029663
-1.044647455215454
-1.102167010307312
-1.5927764177322388
-0.9131870865821838
-0.830777108669281
-1.8771960735321045
-1.0249038934707642
-1.4925628900527954
-1.2812473773956299
-1.43522047996521
-1.7373334169387817
-1.0801128149032593
-1.1287368535995483
-1.2937660217285156
-1.1342452764511108
-0.9612390398979187
-1.2185707092285156
-1.1603323221206665
-1.0649493932724
-1.079041838645935
-1.1085128784179688
-2.201462507247925
-1.4085748195648193
-1.981995701789856
-1.8221406936645508
-1.0865800380706787
-1.5323296785354614
-1.0768852233886719
-1.0007494688034058
-0.940625786781311
-1.2921351194381714
-1.7661558389663696
-2.1041419506073
-2.6831958293914795
-1.3569444417953491
-1.396092176437378
-1.0998531579971313
-1.3211132287979126
-1.3170546293258667
-1.2887097597122192
-1.1873135566711426
-1.6613385677337646
-1.1020169258117676
-1.2993139028549194
-0.9537248015403748
-0.9147017002105713
-1.010843276977539
-2.5515341758728027
-1.3174669742584229
-1.2138885259628296
-1.4594595432281494
-1.335458755493164
-1.344341516494751
-1.320278286933899
-1.0073503255844116
-0.9769582748413086
-1.7031681537628174
-2.432122230529785
-0.6538748741149902
-1.6494965553283691
-1.0785577297210693
-2.0220091342926025
-1.1481621265411377
-1.4197016954421997
-0.9575309753417969
-1.3466553688049316
-0.9730364084243774
-1.5633924007415771
-1.0283150672912598
-1.072106957435608
-1.1049443483352661
-1.2180016040802002
-1.1309759616851807
-1.6464102268218994
-1.5427615642547607
-1.2949599027633667
-1.1259841918945312
-1.0877690315246582
-1.2707107067108154
-1.2367173433303833
-1.1094063520431519
-1.0021607875823975
-1.6003105640411377
-0.5743545889854431
-2.502739429473877
-0.8031212091445923
-1.1807177066802979
-0.9505901336669922
-1.2250452041625977
-0.8614478707313538
-1.2836313247680664
-2.4246950149536133
-0.9392588138580322
-1.3677053451538086
-1.4561212062835693
-1.2086694240570068
-1.1459616422653198
-1.5403633117675781
-1.2140817642211914
-1.674638032913208
-0.8792700171470642
-2.0924625396728516
-0.9206976294517517
-2.0105667114257812
-1.696956992149353
-1.3723291158676147
-0.937751829624176
-1.1399437189102173
-0.8538423776626587
-1.1002289056777954
-1.062833309173584
-1.5649964809417725
-2.398552894592285
-1.2568259239196777
-2.2719995975494385
-1.2050402164459229
-1.1044025421142578
-1.4842530488967896
-1.11111581325531
-2.3048503398895264
-1.4798542261123657
-1.4787105321884155
-1.1951535940170288
-0.8989443182945251
-1.2225195169448853
-2.1738386154174805
-1.2403696775436401
-1.0233927965164185
-1.0868574380874634
-2.3964812755584717
-1.0727663040161133
-1.0622318983078003
-1.8654265403747559
-1.5896120071411133
-1.4049702882766724
-1.4312347173690796
-0.8943737149238586
-1.3086462020874023
-1.9972562789916992
-0.7983871698379517
-0.9204813838005066
-2.033970832824707
-1.003531575202942
-1.2908320426940918
-1.719211459159851
-2.030416965484619
-0.9871733784675598
-1.516595482826233
-1.5125446319580078
-1.2005627155303955
-0.7755568623542786
-1.4749845266342163
-0.9796874523162842
-2.5324296951293945
-0.7627390027046204
-1.0558511018753052
-1.2946538925170898
-1.7901995182037354
-1.0817474126815796
-1.9816702604293823
-0.7558334469795227
-1.281596064567566
-1.0331816673278809
-1.7750279903411865
-1.3596107959747314
-0.8316494822502136
-0.9602057337760925
-2.1195731163024902
-1.026384949684143
-1.1034438610076904
-0.705571711063385
-1.1684467792510986
-0.970069944858551
-1.3078720569610596
-0.947655975818634
-1.1419003009796143
-2.0462210178375244
-1.1117404699325562
-1.1235649585723877
-1.8364834785461426
-1.128117561340332
-1.3177355527877808
-1.4528968334197998
-0.7565982937812805
-2.3484556674957275
-1.0481131076812744
-1.5348654985427856
-1.3007920980453491
-1.0988181829452515
-1.2621022462844849
-2.22603702545166
-1.2732304334640503
-1.0869992971420288
-1.079048752784729
-1.8876075744628906
-0.9827960133552551
-2.3418571949005127
-2.000359535217285
-1.2301218509674072
-0.8441875576972961
-1.0224015712738037
-0.8434492945671082
-1.6356196403503418
-1.0796393156051636
-0.6583089232444763
-0.9275621771812439
-1.2154133319854736
-1.2896970510482788
-1.604750394821167
-1.2506603002548218
-0.9793936610221863
-1.3020501136779785
-0.9575770497322083
-1.5392285585403442
-1.5009877681732178
-0.9678695201873779
-1.130995273590088
-1.2654482126235962
-1.0343936681747437
-1.1672430038452148
-2.048246383666992
-1.1133888959884644
-1.1318132877349854
-0.9147540926933289
-2.5484445095062256
-1.201720118522644
-1.0065590143203735
-1.455712080001831
-1.0886175632476807
-2.0371596813201904
-0.99177485704422
-1.095923662185669
-1.068527340888977
-1.3302415609359741
-0.9545595645904541
-0.872801661491394
-2.02199387550354
-1.5077595710754395
-1.2128373384475708
-1.1931495666503906
-0.5226539969444275
-1.170027256011963
-0.7799190282821655
-1.1465634107589722
-1.7931890487670898
-1.7816976308822632
-1.2163960933685303
-1.7479395866394043
-1.0606930255889893
-1.3876022100448608
-1.1549656391143799
-0.8416288495063782
-1.281499981880188
-1.6573569774627686
-1.362722396850586
-1.3260818719863892
-1.6743862628936768
-2.278506278991699
-1.3930026292800903
-0.976863443851471
-1.0459802150726318
-0.9615434408187866
-1.378730297088623
-1.0939254760742188
-1.1772838830947876
-1.1077426671981812
-1.0084809064865112
-1.434497594833374
-0.84576416015625
-1.1967594623565674
-1.665428876876831
-2.271103620529175
-1.049171805381775
-1.4490463733673096
-1.5614173412322998
-1.0549397468566895
-1.1993927955627441
-0.8154761791229248
-1.2926157712936401
-1.0578218698501587
-1.2958965301513672
-0.9848846197128296
-1.5241246223449707
-1.09144127368927
-1.0927462577819824
-1.2090063095092773
-0.8764544725418091
