-1.2037315368652344
-0.8266602754592896
-1.2225663661956787
-1.074291467666626
-0.915429949760437
-1.1951212882995605
-0.7164779901504517
-1.139085292816162
-1.3837214708328247
-1.2127461433410645
-1.0501958131790161
-0.9982743263244629
-1.881754755973816
-0.9207980632781982
-1.206808090209961
-2.908982038497925
-0.6881462335586548
-2.2690563201904297
-1.9357086420059204
-1.3679677248001099
-1.2034634351730347
-0.9761150479316711
-1.0935769081115723
-1.6253552436828613
-0.7769623398780823
-1.1279183626174927
-0.9621173739433289
-0.886943519115448
-1.4063255786895752
-1.0999164581298828
-0.890643298625946
-0.8086537718772888
-0.8837987184524536
-1.1129302978515625
-1.0619844198226929
-0.9029533863067627
-0.9473839998245239
-1.0909864902496338
-1.064805507659912
-0.9702292680740356
-0.8724244832992554
-2.5183651447296143
-1.2126654386520386
-1.0576996803283691
-0.6925612092018127
-1.330322027206421
-0.9318713545799255
-0.9954572319984436
-1.1812975406646729
-0.7999529242515564
-0.9692401885986328
-1.4202935695648193
-2.5635485649108887
-1.0609209537506104
-2.0156750679016113
-1.246019959449768
-2.168632984161377
-0.935717761516571
-1.1641515493392944
-1.1468417644500732
-0.9741262197494507
-1.3701905012130737
-1.504287838935852
-0.9576785564422607
-1.2367907762527466
-0.8484132885932922
-1.255130648612976
-1.2635868787765503
-1.1173880100250244
-1.1781965494155884
-0.8322069048881531
-1.1630823612213135
-1.4685784578323364
-0.980284571647644
-1.014203667640686
-0.9186570048332214
-1.2098201513290405
-1.2391277551651
-1.8742207288742065
-1.1646692752838135
-1.07028067111969
-1.0678627490997314
-1.141263484954834
-1.1143630743026733
-1.479905366897583
-1.2701951265335083
-1.880239725112915
-0.9545732736587524
-0.7761234045028687
-0.903716504573822
-1.2416093349456787
-1.1642290353775024
-1.2789196968078613
-0.8225867748260498
-1.0421030521392822
-1.296215534210205
-0.7495427131652832
-0.7350699305534363
-1.1934146881103516
-1.1718592643737793
-1.270058035850525
-1.3310762643814087
-1.0791778564453125
-1.1018248796463013
-0.9553662538528442
-1.130595088005066
-0.9457520842552185
-1.0215239524841309
-0.6987753510475159
-0.7326639890670776
-1.0203765630722046
-1.2236169576644897
-0.7657384872436523
-1.2309669256210327
-1.0583248138427734
-0.8104794025421143
-0.79050213098526
-1.54499089717865
-1.5574181079864502
-1.0687074661254883
-1.0820226669311523
-0.9323515295982361
-0.6843205094337463
-0.8862197995185852
-0.8628138899803162
-0.8379697799682617
-1.0105592012405396
-0.8605712652206421
-0.9941170811653137
-1.2868627309799194
-0.9603974223136902
-0.7479523420333862
-1.384564757347107
-1.508608341217041
-1.292708158493042
-0.8244776129722595
-0.7502921223640442
-1.6263833045959473
-0.7821474075317383
-1.345829725265503
-0.8230103254318237
-1.3339834213256836
-1.5402865409851074
-1.1379467248916626
-0.9499757885932922
-0.7979696989059448
-1.494741678237915
-1.2296726703643799
-0.9579991698265076
-0.9369300603866577
-1.1010531187057495
-1.237126111984253
-0.8787544965744019
-1.525538682937622
-1.2499682903289795
-0.9133208990097046
-1.2661175727844238
-1.8040103912353516
-1.1300394535064697
-1.0122385025024414
-1.2898173332214355
-0.9064337611198425
-1.1953827142715454
-1.587024450302124
-1.281690239906311
-1.1057924032211304
-1.0649662017822266
-0.9788079261779785
-0.9553141593933105
-0.7046221494674683
-0.840859055519104
-0.9648981690406799
-0.9919359683990479
-0.9165599942207336
-1.3249157667160034
-1.1861258745193481
-1.7014306783676147
-1.0702340602874756
-0.7043996453285217
-0.995577335357666
-0.7418543696403503
-1.0129878520965576
-0.8141842484474182
-2.1085753440856934
-0.7340181469917297
-1.2353860139846802
-1.7676429748535156
-1.164588212966919
-1.0915043354034424
-1.3216537237167358
-1.3283993005752563
-0.9734693765640259
-0.7821474075317383
-1.9973982572555542
-0.8633812069892883
-0.8262045979499817
-1.150733232498169
-1.3808326721191406
-1.2517366409301758
-1.0572669506072998
-0.8954645395278931
-0.9638549089431763
-1.0405114889144897
-0.5560144782066345
-1.2045902013778687
-2.3513519763946533
-0.9391577243804932
-1.0549018383026123
-1.5172979831695557
-1.269004464149475
-1.3104796409606934
-1.0758415460586548
-1.2419531345367432
-1.150925636291504
-1.0424706935882568
-0.8878434896469116
-0.7150494456291199
-1.906860589981079
-1.1930594444274902
-0.7123799920082092
-1.1939821243286133
-2.078977584838867
-1.1223084926605225
-0.9365258812904358
-1.3245048522949219
-0.9442172646522522
-1.2328996658325195
-0.8820816278457642
-1.1899166107177734
-0.9202342629432678
-1.3112837076187134
-0.9733677506446838
-1.000306487083435
-1.2996830940246582
-0.9781520366668701
-1.626940369606018
-0.9490699172019958
-0.8012871742248535
-0.9112071394920349
-1.8936494588851929
-1.1311542987823486
-1.2190371751785278
-1.2761688232421875
-1.5071914196014404
-1.081620454788208
-1.1182807683944702
-0.8554020524024963
-2.2269234657287598
-0.7655457854270935
-1.5345683097839355
-1.1363359689712524
-1.4680274724960327
-0.8681902885437012
-0.9492170810699463
-1.5888292789459229
-0.9796542525291443
-1.9253491163253784
-1.9289634227752686
-1.1542954444885254
-1.0954303741455078
-1.8079580068588257
-1.010884165763855
-1.0524524450302124
-0.9947003722190857
-0.9668101072311401
-1.6024659872055054
-0.9381505846977234
-1.1065070629119873
-1.269507646560669
-1.024287462234497
-1.1264961957931519
-1.0507878065109253
-0.929064929485321
-0.7041986584663391
-0.9085519313812256
-1.1854418516159058
-0.8184095621109009
-1.1372913122177124
-0.9399909377098083
-1.420857548713684
-1.3064966201782227
-1.68855619430542
-1.1176609992980957
-1.585240364074707
-0.9867525100708008
-1.0853792428970337
-1.0148522853851318
-0.875784695148468
-0.6511272192001343
-1.1988483667373657
-1.0406432151794434
-0.8941485285758972
-2.1806674003601074
-1.6004211902618408
-0.8910654187202454
-0.8070963025093079
-1.6802843809127808
-1.1359995603561401
-1.1207889318466187
-0.9273026585578918
-1.1164274215698242
-0.9169668555259705
-1.1064993143081665
-1.051635980606079
-2.4485464096069336
-1.8051714897155762
-1.0334950685501099
-1.5649477243423462
-0.7062678337097168
-1.0390466451644897
-1.026027798652649
-1.0981451272964478
-0.9317644238471985
-1.6556917428970337
-2.380383253097534
-1.5151792764663696
-0.8693937063217163
-1.0041559934616089
-1.0564697980880737
-2.3599302768707275
-1.0409260988235474
-1.8283727169036865
-1.7629777193069458
-0.8266682028770447
-0.8254587054252625
-1.255869746208191
-1.1566635370254517
-0.9334067106246948
-1.8436830043792725
-1.2413053512573242
-0.8439286351203918
-1.1909431219100952
-1.2891732454299927
-0.9980908036231995
-1.0317442417144775
-1.2580312490463257
-1.1839704513549805
-1.0257576704025269
-2.1618878841400146
-1.0529661178588867
-1.4641727209091187
-0.8492555618286133
-1.408279299736023
-1.1602731943130493
-0.9858765006065369
-0.9437752962112427
-2.119070291519165
-1.0756092071533203
-0.9701606631278992
-1.0872005224227905
-1.408426284790039
-0.7485233545303345
-0.8191099166870117
-1.9866396188735962
-0.9357221722602844
-2.429377555847168
-2.2122607231140137
-1.2395784854888916
-1.0092709064483643
-0.8666447401046753
-0.8936939239501953
-1.3274179697036743
-0.9186286330223083
-1.1015832424163818
-1.0147334337234497
-0.9587079882621765
-1.171951413154602
-0.9680177569389343
-1.3362981081008911
-0.9890704154968262
-1.2751548290252686
-1.4174301624298096
-0.6683399677276611
-0.9176697134971619
-0.9621598124504089
-0.726362407207489
-1.0703437328338623
-1.0306318998336792
-1.2118116617202759
-1.1554192304611206
-1.3952730894088745
-0.9628036022186279
-0.9875549077987671
-1.4101585149765015
-1.448962926864624
-0.7124438881874084
-0.9094938039779663
-0.5153471231460571
-1.0409687757492065
-2.247023105621338
-0.7805023789405823
-0.9052531123161316
-0.6954753398895264
-1.0099154710769653
-0.6685564517974854
-1.3564621210098267
-0.7248427271842957
-0.8214643001556396
-0.8922243714332581
-1.0930672883987427
-1.5055956840515137
-1.2136465311050415
-1.4311747550964355
-1.3121038675308228
-1.2038499116897583
-0.9185779094696045
-1.9827700853347778
-1.488484263420105
-0.9493641257286072
-0.8694071173667908
-1.2215689420700073
-1.1449222564697266
-1.0045626163482666
-2.4600610733032227
-1.0348902940750122
-1.835461974143982
-1.2978570461273193
-1.2054702043533325
-1.4164639711380005
-1.102486252784729
-1.1592586040496826
-1.03205144405365
-1.1975491046905518
-1.5168304443359375
-0.9645893573760986
-1.624898910522461
-1.0943018198013306
-1.1097522974014282
-1.1163434982299805
-0.9772440791130066
-1.0403743982315063
-1.6067007780075073
-2.3168649673461914
-0.9188013076782227
-0.7450428605079651
-1.2762951850891113
-1.1494240760803223
-0.9839182496070862
-1.301541805267334
-1.5793036222457886
-1.2703611850738525
-0.9887781739234924
-1.6570595502853394
-0.9169687628746033
-1.843633770942688
-1.2010791301727295
-1.174788236618042
-1.0926759243011475
-1.0370210409164429
-1.720625400543213
-1.224793553352356
-1.0818971395492554
-1.0050582885742188
-0.8325915932655334
-0.6912120580673218
-0.9615941047668457
-0.9927576184272766
-1.0805792808532715
-0.9169579744338989
-1.0196715593338013
-1.5632150173187256
-0.9011601805686951
-1.1581648588180542
-0.8764047622680664
-0.8772073984146118
-1.2796850204467773
-0.9815987944602966
-0.7600260376930237
-0.9754205942153931
-1.0500797033309937
-1.3559273481369019
-1.040415644645691
-1.0052591562271118
-0.973015546798706
-1.1983277797698975
-1.0172909498214722
-0.9961878657341003
-0.7886285185813904
-1.0248116254806519
-1.1636028289794922
-0.968620240688324
-0.8418329358100891
-0.972790539264679
-1.1104791164398193
-1.1248303651809692
-0.6011943817138672
-1.1065064668655396
-1.5920848846435547
-1.3525290489196777
-0.8290735483169556
-1.1075544357299805
-1.0369679927825928
-1.0492918491363525
-1.0533123016357422
-1.3801729679107666
-1.3626039028167725
-1.1039040088653564
-1.0371923446655273
-1.3421802520751953
-0.8184067010879517
-1.0807509422302246
-1.4076952934265137
-1.0602846145629883
-1.4925665855407715
-0.966402530670166
-1.0996829271316528
-0.9290462136268616
-1.024239420890808
-1.0273878574371338
-1.2029354572296143
-0.99399733543396
-0.7730743288993835
-0.8888362050056458
-1.1275010108947754
-1.1731421947479248
-1.7435684204101562
-0.9231715798377991
-0.9033076167106628
-1.0429387092590332
-1.2011966705322266
-1.175610065460205
-1.2498788833618164
-0.9346175789833069
-1.0266900062561035
-1.1043790578842163
-1.0234555006027222
-0.9226288199424744
-0.8468663096427917
-1.326845407485962
-1.6238980293273926
-1.080335259437561
-1.0691988468170166
-1.8404029607772827
-1.1665318012237549
-0.9646449089050293
-1.040900707244873
-1.740027904510498
-1.2994009256362915
-1.2025644779205322
-0.7984080910682678
-0.5255817174911499
-0.863503634929657
-1.0832220315933228
-1.121336579322815
-0.7194302678108215
-1.0741957426071167
-1.4310554265975952
-1.0516955852508545
-1.0794572830200195
-1.511810541152954
-1.472117304801941
-1.028341293334961
-0.9310987591743469
-1.1098442077636719
-1.5034619569778442
-0.9245612025260925
-0.9175217747688293
-1.0618759393692017
-1.0983901023864746
-1.2983447313308716
-1.4896478652954102
-1.5218218564987183
-0.9163679480552673
-0.8055099844932556
-1.0806264877319336
-2.4182558059692383
-1.1376588344573975
-0.9517281651496887
-1.3195854425430298
-1.0774325132369995
-0.7036409974098206
-0.9413560628890991
-1.3137503862380981
-1.7773491144180298
-1.0354942083358765
-1.38881254196167
-2.0776898860931396
-1.3063701391220093
-1.059587836265564
-1.113180160522461
-1.246593952178955
-0.7489380836486816
-1.1802923679351807
-1.0732426643371582
-1.0704362392425537
-2.393033981323242
-0.8655710816383362
-1.1780064105987549
-1.2830480337142944
-1.3035881519317627
-0.8383152484893799
-1.0222896337509155
-1.3263534307479858
-1.0243034362792969
-1.5694446563720703
-0.7647117376327515
-1.0718554258346558
-0.9498354196548462
-0.9369410276412964
-0.9612334370613098
-1.2082979679107666
-0.9789958596229553
-1.2194814682006836
-1.281267523765564
-0.6475316882133484
-1.1708600521087646
-1.0632445812225342
-1.056893229484558
-0.49981242418289185
-1.4410748481750488
-1.0113518238067627
-1.0330666303634644
-1.0073825120925903
-0.938395619392395
-1.1518723964691162
-1.07940673828125
-0.6446521878242493
-1.172471046447754
-1.1591674089431763
-0.8278148174285889
-1.0427186489105225
-1.0979111194610596
-0.8404716849327087
-1.0259863138198853
-0.7993771433830261
-0.8509229421615601
-1.183919906616211
-1.0542484521865845
-1.3250056505203247
-1.1019773483276367
-1.170910358428955
-1.7772562503814697
-2.369204521179199
-0.88405841588974
-1.1617231369018555
-1.3454880714416504
-0.8815503120422363
-0.8748051524162292
-0.7710795402526855
-0.8088973760604858
-0.9066841006278992
-0.812636137008667
-0.8958443999290466
-1.218131422996521
-0.761552631855011
-1.1339178085327148
-1.5455838441848755
-1.090599536895752
-0.9130329489707947
-0.8549768328666687
-1.2348932027816772
-1.0610003471374512
-1.0506150722503662
-0.8821025490760803
-0.9454969167709351
-1.5077348947525024
-0.6790860891342163
-1.6981889009475708
-0.9949945211410522
-1.3961000442504883
-1.1094636917114258
-1.1018725633621216
-1.0199395418167114
-1.0224199295043945
-1.1771355867385864
-1.1050409078598022
-0.9014921188354492
-0.9905838966369629
-1.7330832481384277
-1.0666780471801758
-1.9188166856765747
-1.2888739109039307
-0.8197261095046997
-0.9627067446708679
-0.9597724080085754
-1.645315170288086
-2.186220407485962
-0.993503987789154
-1.131338357925415
-0.9409044981002808
-0.6075947880744934
-1.2332658767700195
-0.9864054918289185
-1.118920922279358
-1.026471734046936
-1.2532298564910889
-1.1106128692626953
-1.7192189693450928
-1.0361112356185913
-1.0494403839111328
-1.3135792016983032
-1.0435148477554321
-2.0351955890655518
-1.1695995330810547
-1.2517564296722412
-0.8081476092338562
-0.9961978197097778
-1.0449538230895996
-1.3512308597564697
-1.1313143968582153
-1.8355313539505005
-0.8001378178596497
-1.2261676788330078
-1.0328933000564575
-1.2409459352493286
-1.0983339548110962
-1.1851983070373535
-0.920016348361969
-1.7664092779159546
-0.916072428226471
-0.7144050002098083
-1.3999054431915283
-0.9664246439933777
-1.3166899681091309
-1.2056101560592651
-1.0502253770828247
-0.9175363183021545
-2.0342955589294434
-1.9796873331069946
-1.0368329286575317
-0.9815798401832581
-1.1149780750274658
-1.056449055671692
-0.8846119046211243
-0.8484368920326233
-0.9441317915916443
-1.1681818962097168
-1.5469748973846436
-1.1183149814605713
-0.9656887650489807
-1.107249140739441
-1.1423341035842896
-1.1951290369033813
-1.028656005859375
-1.0754504203796387
-1.1604835987091064
-0.8529844880104065
-1.0126904249191284
-0.6886587738990784
-1.460148811340332
-1.4702242612838745
-2.0880794525146484
-0.9340177178382874
-0.793450117111206
-0.7808303833007812
-0.7106773853302002
-1.3046436309814453
-1.1989333629608154
-0.7416347861289978
-1.9826133251190186
-1.222495436668396
-0.9296360015869141
-0.7430621981620789
-0.9089019894599915
-0.9873406887054443
-1.5736154317855835
-0.8727489113807678
-1.0211801528930664
-1.2345623970031738
-1.0253849029541016
-1.1357616186141968
-1.208376407623291
-1.3138668537139893
-1.0913987159729004
-0.8469814658164978
-1.0379743576049805
-1.766842007637024
-1.1675244569778442
-1.2032780647277832
-1.1891746520996094
-1.0087223052978516
-0.7955966591835022
-0.8819586038589478
-0.6710467338562012
-1.2013109922409058
-0.8867284655570984
-1.1853829622268677
-1.1404423713684082
-2.491997003555298
-0.8956226706504822
-1.9106738567352295
-1.216254711151123
-1.1020722389221191
-1.5379221439361572
-1.2496733665466309
-0.9753189086914062
-1.3027786016464233
-2.2916977405548096
-1.79806649684906
-1.4321794509887695
-0.8672851920127869
-1.457823395729065
-1.2893205881118774
-0.997021496295929
-0.9174235463142395
-1.327297329902649
-0.9794484972953796
-1.0585553646087646
-0.9708265066146851
-1.0956852436065674
-1.040370225906372
-0.9141201376914978
-1.0234936475753784
-1.2384204864501953
-1.1027154922485352
-0.6261797547340393
-0.8897725939750671
-2.2561910152435303
-1.1645182371139526
-1.5029098987579346
-1.0501338243484497
-1.4084341526031494
-1.2737919092178345
-1.5608419179916382
-1.175532579421997
-0.958837628364563
-1.7030766010284424
-0.628358781337738
-0.9315903782844543
-1.0992525815963745
-0.7355054020881653
-0.8699498772621155
-0.8963875770568848
-1.1066675186157227
-1.4415992498397827
-1.2317285537719727
-1.0522730350494385
-1.130759835243225
-1.2789565324783325
-1.122802495956421
-0.8352661728858948
-0.9717350602149963
-0.722353458404541
-0.9750676155090332
-0.9786196351051331
-1.4795249700546265
-1.0806761980056763
-0.8632619380950928
-1.1493362188339233
-1.162023663520813
-1.2117927074432373
-1.094573736190796
-0.9885945320129395
-1.0648692846298218
-1.2179014682769775
-1.0783650875091553
-1.088441252708435
-1.2397067546844482
-1.279739499092102
-0.8198553919792175
-1.0475170612335205
-1.1471483707427979
-1.0573097467422485
-0.6848300099372864
-1.19008207321167
-0.9195918440818787
-2.2499706745147705
-2.174072742462158
-0.83608478307724
-1.0583767890930176
-1.2075684070587158
-1.220367431640625
-0.8525845408439636
-1.0301263332366943
-1.2357193231582642
-0.8621074557304382
-1.3711509704589844
-1.1769542694091797
-1.31429123878479
-0.8516547083854675
-1.156819224357605
-1.127921462059021
-0.8009949326515198
-0.8013843894004822
-1.0354713201522827
-0.7527861595153809
-0.9777373671531677
-1.1924968957901
-1.0420844554901123
-1.7047349214553833
-0.8346133828163147
-1.9088799953460693
-1.0046101808547974
-1.3147122859954834
-0.977702796459198
-1.874962568283081
-0.8691459894180298
-0.9544849395751953
-1.132779598236084
-1.1952868700027466
-1.2471650838851929
-1.086164951324463
-1.068385362625122
-1.4417145252227783
-1.2796401977539062
-2.1045939922332764
-0.9789562821388245
-1.0621505975723267
-1.332476019859314
-1.2249723672866821
-0.8305257558822632
-1.165670394897461
-1.0166562795639038
-0.7610512375831604
-1.0800118446350098
-2.4151179790496826
-1.0924758911132812
-0.9814989566802979
-0.8727781176567078
-1.0021339654922485
-1.012346863746643
-1.1637541055679321
-0.8281121850013733
-1.5159149169921875
-1.0504080057144165
-0.961780309677124
-1.335378646850586
-1.222080945968628
-0.9692191481590271
-2.035848617553711
-1.0029531717300415
-1.08884596824646
-1.1492178440093994
-0.9292059540748596
-1.1161189079284668
-1.152721643447876
-0.9886003136634827
-1.372349739074707
-0.5207126140594482
-2.8788375854492188
-1.8856152296066284
-2.060549020767212
-2.365236520767212
-0.977497935295105
-1.020556926727295
-1.0864933729171753
-0.8941647410392761
-1.2057961225509644
-0.9756925106048584
-1.0952943563461304
-1.1833415031433105
-0.9316117763519287
-1.0344561338424683
-1.1045292615890503
-1.2915924787521362
-0.8139227032661438
-1.3679962158203125
-0.9479816555976868
-0.8843814730644226
-1.1352157592773438
-1.163236141204834
-1.0528080463409424
-1.2477443218231201
-1.3711354732513428
-1.0280327796936035
-1.3115277290344238
-0.8090094327926636
-0.8189208507537842
-1.0141159296035767
-1.3816901445388794
-0.8577286601066589
-1.0199143886566162
-1.4832229614257812
-1.1235226392745972
-0.6798551082611084
-0.6696227192878723
-1.3069658279418945
-0.9432550668716431
-1.4939900636672974
-1.0611765384674072
-1.0859456062316895
-2.053360939025879
-0.9529702663421631
-0.8722315430641174
-1.0747051239013672
-1.1713013648986816
-1.2066245079040527
-1.023979663848877
-1.6059269905090332
-1.0526738166809082
-1.0998913049697876
-0.5312914848327637
-1.5327723026275635
-1.2599725723266602
-0.9270485043525696
-0.9499999284744263
-1.0660488605499268
-0.9262198209762573
-1.1761940717697144
-0.8801392912864685
-1.0184787511825562
-2.2503421306610107
-0.5940280556678772
-1.12067711353302
-1.1553256511688232
-0.9227015972137451
-1.2395602464675903
-0.8289002776145935
-1.1111992597579956
-1.203444480895996
-0.7203519344329834
-1.8946244716644287
-0.8424105048179626
-1.1198208332061768
-2.4139363765716553
-1.0312955379486084
-0.9983365535736084
-1.0575343370437622
-1.0706892013549805
-1.1811790466308594
-1.2158669233322144
-0.881843626499176
-1.2408944368362427
-2.0343143939971924
-0.8898823261260986
-0.9893390536308289
-0.7532705068588257
-1.1169021129608154
-0.8982023000717163
-0.8951033353805542
-0.6862131357192993
-2.2611212730407715
-1.1521422863006592
-1.3064439296722412
-0.7093856334686279
-2.424664258956909
-0.9376935362815857
-1.133819341659546
-2.197829484939575
-1.034078598022461
-0.7992815971374512
-1.2218132019042969
-1.9212737083435059
-1.0170575380325317
-0.8783605694770813
-1.7626734972000122
-1.1144843101501465
-0.9816009402275085
-1.1889595985412598
-0.8730254173278809
-0.9081235527992249
-1.4797580242156982
-0.6493309140205383
-0.6721416115760803
-1.0684740543365479
-0.8529448509216309
-1.0378575325012207
-1.4827282428741455
-1.150991678237915
-0.9824034571647644
-1.6451616287231445
-1.589714765548706
-0.892410933971405
-1.183093547821045
-0.9768906235694885
-0.8258583545684814
-1.114533543586731
-1.016371250152588
-1.0135973691940308
-1.2820475101470947
-0.9775351285934448
-0.8871138691902161
-2.1044118404388428
-0.9176396727561951
-1.1470191478729248
-0.8659569621086121
-1.4840606451034546
-1.1866989135742188
-1.1440391540527344
-1.0857312679290771
-1.1043930053710938
-1.0496275424957275
-0.9909228682518005
-1.0560319423675537
-1.0501948595046997
-1.1015149354934692
-1.0542995929718018
-1.180368185043335
-0.9551919102668762
-1.1531397104263306
-0.4881279468536377
-0.990707278251648
-1.0284487009048462
-1.145737648010254
-1.0950864553451538
-1.0431623458862305
-0.9544751048088074
-0.9704515337944031
-1.4726901054382324
-1.690685749053955
-0.9817208647727966
-0.9798296689987183
-1.1488181352615356
-1.1874146461486816
-0.6790903210639954
-1.1659005880355835
-2.373645067214966
-1.1604102849960327
-0.8815247416496277
-1.212414026260376
-1.2621184587478638
-0.7955008745193481
-1.0582554340362549
-1.0526924133300781
-1.1039539575576782
-1.4078127145767212
-1.0526072978973389
-0.8433952927589417
-2.04787015914917
-1.0675995349884033
-1.4098491668701172
-2.3858706951141357
-0.7332321405410767
-0.8143749833106995
-1.2424826622009277
-1.1245143413543701
-0.8757601380348206
-0.6147106289863586
-1.2245357036590576
-1.7630566358566284
-0.7361190915107727
-1.0803029537200928
-1.090854525566101
-0.7675116062164307
-0.9432414174079895
-1.4134407043457031
-0.6304677724838257
-1.3684766292572021
-0.9098564386367798
-1.7542016506195068
-0.8482930064201355
-1.685139775276184
-1.1679476499557495
-0.8422161340713501
-0.6879529356956482
-0.9747060537338257
-0.7691665291786194
-0.8967825174331665
-0.8923554420471191
-0.9642552733421326
-0.8366768956184387
-1.4327359199523926
-1.76352059841156
-1.6299011707305908
-0.7623071074485779
-0.9764285683631897
-0.9745963215827942
-0.9820117950439453
-0.8188018202781677
-0.8309381008148193
-1.3687694072723389
-1.0803591012954712
-1.257847785949707
-1.110896348953247
-0.9430211186408997
-0.8633573651313782
-0.5770109295845032
-0.8102198243141174
-1.0016288757324219
