-0.2166222631931305
0.6571969985961914
0.7315354943275452
0.026316147297620773
0.15536381304264069
0.5989274382591248
0.2740624248981476
-0.15985579788684845
-0.6227093935012817
0.6215041279792786
0.8612569570541382
0.3729959726333618
0.819351851940155
0.322937548160553
0.6040225028991699
0.42858004570007324
0.3614066243171692
-0.28750303387641907
0.7437943816184998
0.7469640970230103
0.7884253859519958
0.7856362462043762
0.12450551986694336
0.21889564394950867
-0.3855774402618408
0.533012330532074
0.8042151927947998
0.5093234777450562
0.7022905945777893
0.798008918762207
0.44531774520874023
0.05738719180226326
0.679753303527832
-0.27643343806266785
-1.0383870601654053
0.4130159616470337
0.37493395805358887
0.6473206877708435
0.7182970643043518
0.19116483628749847
-0.41025441884994507
0.5654642581939697
0.7651262283325195
0.7933725714683533
0.5714997053146362
0.856380820274353
0.6667945981025696
0.5401994585990906
0.5365087389945984
0.4060223698616028
0.5142048001289368
-0.6611970067024231
0.5008556246757507
-0.22902187705039978
0.6320562958717346
-0.01791270822286606
-0.04341289773583412
0.598598062992096
0.5491025447845459
0.08892068266868591
0.30357956886291504
0.7398191094398499
0.45995020866394043
0.4577566981315613
0.7834924459457397
0.5821918845176697
0.15305617451667786
0.6993085145950317
0.45307958126068115
0.6591063141822815
0.16869279742240906
0.5853317379951477
0.30567243695259094
0.19578775763511658
-0.1287834346294403
0.6097813844680786
-0.6145614981651306
0.8269742727279663
-1.1439241170883179
0.6137140989303589
0.8210659027099609
0.8797416687011719
0.6270289421081543
0.5033983588218689
-0.8302120566368103
0.6870331764221191
0.4774942398071289
0.277966171503067
0.6306759119033813
-0.12619544565677643
0.5249744057655334
0.08641907572746277
0.6111733913421631
-0.02989071235060692
0.3683488070964813
0.15690559148788452
0.7608188390731812
-0.4183984398841858
0.7582077383995056
0.5982978940010071
0.49531519412994385
0.8593676686286926
0.8821402192115784
-0.2306094467639923
0.5283286571502686
0.41845202445983887
0.7553246021270752
0.6971940994262695
0.0005577243864536285
0.023676443845033646
0.588270902633667
0.6105656027793884
0.6889069676399231
0.6231853365898132
0.8378584980964661
0.5082264542579651
0.6285221576690674
0.4828934669494629
-1.0379304885864258
0.0072974227368831635
0.2802319824695587
-0.26124197244644165
0.6740631461143494
0.6677908301353455
0.4824390411376953
-1.051101803779602
0.7316086888313293
0.321863055229187
0.20068854093551636
0.6223161220550537
0.7840685248374939
-1.0074396133422852
0.6946306228637695
0.7987068891525269
0.6840030550956726
0.765112578868866
0.6322738528251648
-0.22626040875911713
0.4768710136413574
0.21149390935897827
-0.35478100180625916
0.7616898417472839
0.7159850001335144
0.23317411541938782
0.45886921882629395
-0.05764693021774292
0.7241552472114563
0.5165871977806091
0.37206995487213135
0.5967854261398315
0.29884105920791626
-0.5367132425308228
0.11547109484672546
-1.5832788944244385
0.47709065675735474
0.6398712992668152
0.5321436524391174
0.16398340463638306
0.4433461129665375
0.7187997102737427
-0.5480169057846069
0.6938332915306091
0.7749057412147522
0.7657002806663513
0.5612276792526245
0.5199717879295349
0.6306453943252563
0.042027536779642105
0.0764349102973938
0.681838870048523
0.08536571264266968
0.3298662304878235
0.43311160802841187
0.5987722873687744
0.7217722535133362
0.834919273853302
0.7887322902679443
-0.017281707376241684
-0.5865151286125183
0.6048228740692139
0.634850800037384
0.30385681986808777
-0.06328356266021729
0.338482141494751
0.18607762455940247
0.4197333753108978
0.4564898610115051
0.7807451486587524
0.7867931723594666
-0.5367817282676697
0.668682873249054
0.7334399819374084
0.49802255630493164
0.4295979142189026
0.612107515335083
0.3760656416416168
0.7175737023353577
0.20642730593681335
0.715003252029419
-0.2166384607553482
0.1933804750442505
0.11401358246803284
-0.13293865323066711
0.3367226719856262
0.38673901557922363
-0.6370366215705872
0.37855958938598633
0.6268165111541748
0.5163093209266663
-0.1895049810409546
0.17661918699741364
0.5755918622016907
0.15689799189567566
0.4129665791988373
-0.24116897583007812
0.17551898956298828
0.6142294406890869
-1.1879384517669678
0.3260180652141571
0.28823748230934143
0.7422884702682495
0.8045973181724548
0.7582482695579529
-0.3104144036769867
-0.06888682395219803
0.8164455890655518
-0.16849830746650696
0.2352794110774994
-1.1519633531570435
0.7027282118797302
0.3717125654220581
0.4966506361961365
0.3083082139492035
0.5965014100074768
0.7145723104476929
-1.768506407737732
0.6308630704879761
-0.5070948004722595
0.5931555032730103
-0.4457458257675171
0.3470330834388733
-0.010496631264686584
0.40327316522598267
0.6647576093673706
0.6733617782592773
0.8593717217445374
0.7592312097549438
-0.947785496711731
-0.7887510657310486
-0.20366176962852478
0.6258895397186279
0.7216328382492065
0.6091537475585938
0.6458080410957336
-1.5953161716461182
0.7072890400886536
-0.43108510971069336
0.8742027282714844
0.6210139393806458
0.5993584394454956
0.32421398162841797
0.7014193534851074
0.5949622988700867
0.1391063928604126
0.5623841881752014
0.8216288685798645
0.3907860517501831
0.12552616000175476
0.4064389169216156
0.5313752889633179
0.7134301662445068
-0.48549365997314453
0.9006941318511963
0.12540081143379211
0.3174605965614319
0.6487711668014526
-0.31781500577926636
0.645013153553009
0.5147650241851807
0.18850935995578766
0.612384021282196
0.5015555024147034
0.0706254243850708
0.6019933223724365
0.09065961837768555
-0.6467148661613464
0.6082178950309753
-1.3979781866073608
0.15074646472930908
-0.6601499319076538
0.4481208622455597
0.20413902401924133
-0.3157234191894531
0.747532069683075
0.6690635085105896
0.4862409234046936
0.517301082611084
-0.21889281272888184
0.5120031833648682
0.20964190363883972
0.5978102087974548
-0.5047149658203125
0.4017395079135895
-0.1567140370607376
0.6391168236732483
0.4982609152793884
0.2404746115207672
0.7965556383132935
0.27200108766555786
0.3688242435455322
0.6939728856086731
0.5964975953102112
0.07576414942741394
0.010655555874109268
-0.5185747742652893
0.15244971215724945
0.8362859487533569
0.5095411539077759
-0.03383020684123039
-0.3887282907962799
0.6381437182426453
-0.5676688551902771
0.7139744162559509
-0.645395040512085
0.030057746917009354
0.45493006706237793
-0.28443607687950134
0.604504406452179
-0.26798465847969055
-0.012830261141061783
0.6147478818893433
0.782806932926178
0.8572624325752258
0.049942705780267715
0.7679429054260254
0.7475035190582275
0.7707346677780151
-0.09924182295799255
-0.27428188920021057
0.030577171593904495
0.5167222023010254
0.44961613416671753
0.6660715341567993
0.7789714336395264
-0.14300808310508728
0.1962248831987381
0.6687501668930054
0.7119253277778625
0.7956422567367554
0.38944417238235474
-1.3555331230163574
0.6897751688957214
0.7324126958847046
0.06923976540565491
0.9301010966300964
0.6806414723396301
0.03252978250384331
0.7570421099662781
-0.25522083044052124
-0.0349106527864933
0.7433696985244751
0.2291179895401001
0.16011160612106323
0.5400257110595703
0.524127185344696
0.4520929455757141
0.34342920780181885
0.8077848553657532
0.518308162689209
0.5817376971244812
0.31218233704566956
0.33121296763420105
0.7267794609069824
0.031269971281290054
-0.12836553156375885
0.21486568450927734
0.8477393984794617
0.718682587146759
0.5701661109924316
0.3569822907447815
0.6128029227256775
0.6945247054100037
0.34770750999450684
-0.8382518887519836
0.3217886984348297
0.4365580379962921
0.17539331316947937
0.467589795589447
-0.22952911257743835
-1.1925679445266724
0.11632987856864929
0.5947684049606323
0.6199527978897095
0.5238709449768066
0.5300326347351074
-0.4224191904067993
0.6570229530334473
0.47625863552093506
-0.13669723272323608
-0.33345550298690796
0.3367062509059906
0.46909433603286743
0.7498242855072021
0.5444331169128418
0.7195225954055786
0.8402878642082214
0.5030080080032349
0.8198321461677551
0.04792292043566704
0.41996005177497864
0.3738650679588318
0.7508297562599182
0.43535029888153076
-0.5148065090179443
0.9282926917076111
0.166445791721344
0.14997366070747375
-0.11729225516319275
-0.021919507533311844
-0.3053564429283142
-0.3415946960449219
-0.44771265983581543
0.6550847887992859
0.6788300275802612
0.11704674363136292
0.7538990378379822
-0.29509237408638
0.3419380486011505
0.6124750375747681
0.09171703457832336
0.5860551595687866
0.4632607102394104
0.4277292788028717
0.4883706569671631
0.5472164154052734
0.25886422395706177
-0.6937355399131775
0.5498202443122864
0.18878763914108276
0.6947528123855591
0.6519861221313477
0.5296080112457275
0.8340195417404175
0.3491573929786682
-0.8507381677627563
-0.2621256411075592
0.6477007865905762
0.4798911213874817
0.6671052575111389
0.6561513543128967
0.4158107042312622
0.30448785424232483
-0.3739858865737915
0.5417652130126953
0.5715752840042114
0.31470417976379395
0.03245678171515465
0.5663986802101135
0.48802322149276733
0.04292614385485649
0.5740834474563599
0.8368279933929443
0.06611910462379456
0.18470154702663422
0.6920152902603149
0.7846725583076477
0.22548991441726685
-0.19008702039718628
0.10376547276973724
-0.35541826486587524
0.5966262221336365
0.649163007736206
0.3313549757003784
0.36998823285102844
-0.12026044726371765
0.522086501121521
0.7172117829322815
0.32028862833976746
-0.2398461103439331
0.7537480592727661
0.9306050539016724
0.7197439670562744
0.8013347387313843
0.6151833534240723
0.08140899240970612
0.6774507761001587
0.717475950717926
0.8176834583282471
0.1906343549489975
-0.04539879411458969
0.6829071044921875
-0.0411163754761219
0.7658674716949463
0.5505521893501282
0.743800699710846
0.6711685061454773
-0.23480775952339172
0.21654003858566284
0.3309817314147949
0.692589282989502
0.35115015506744385
0.4142715036869049
0.44399428367614746
0.7025440335273743
-1.493602991104126
0.7026442289352417
0.6841458082199097
-0.061826191842556
0.4555323123931885
-0.02911391481757164
-0.2649185061454773
0.38196876645088196
0.8956518173217773
0.7937729358673096
0.6687095165252686
-0.10183338820934296
0.039442386478185654
0.5526221990585327
0.5278927087783813
-0.63364577293396
0.5936842560768127
0.8113459944725037
0.4140319228172302
0.7781172394752502
0.7837011814117432
0.5330579280853271
0.47636961936950684
0.38902747631073
0.6272891759872437
0.629929780960083
0.725614070892334
-0.12674376368522644
0.41201362013816833
0.3075545132160187
0.2686755061149597
0.42753398418426514
0.6723182797431946
0.15366864204406738
0.6426501274108887
-1.7283263206481934
0.3779682219028473
0.10803839564323425
0.5293629765510559
0.48744016885757446
0.7472763061523438
0.4439798593521118
0.5409314632415771
-1.1701384782791138
0.6807266473770142
0.7271777391433716
0.06273387372493744
0.6897847056388855
-0.008634746074676514
0.7210314273834229
0.8323954343795776
-0.059450071305036545
0.05476317182183266
0.47146594524383545
0.27734309434890747
0.6918320059776306
0.2805413007736206
-0.026699740439653397
-0.16838529706001282
0.46159297227859497
0.6909471154212952
-0.5659284591674805
0.47706472873687744
0.10737015306949615
-0.051530871540308
-0.1034441590309143
0.17473971843719482
-0.7476457357406616
-0.040412869304418564
0.7456710338592529
0.05120206996798515
0.6759607791900635
0.8620770573616028
0.20840176939964294
0.6916084289550781
-0.24618515372276306
-0.5074959993362427
-0.017607200890779495
0.6723052859306335
0.18447408080101013
0.6364568471908569
-1.5257272720336914
-0.3254561126232147
0.6965736150741577
0.3680556118488312
-0.6013965606689453
-0.11423444747924805
-0.469364196062088
0.7938523292541504
0.6761966943740845
-0.16613270342350006
0.736758291721344
0.4438633918762207
0.5957476496696472
0.32046398520469666
0.6591994166374207
0.524254322052002
0.4855242967605591
0.37425118684768677
0.7761788368225098
0.6484068036079407
0.6233079433441162
0.6449402570724487
0.012568723410367966
0.4468713402748108
0.7844936847686768
-0.27892687916755676
-0.6194279789924622
0.6709189414978027
0.4103480279445648
0.3517197370529175
0.7969573140144348
0.8301699161529541
-0.2989753782749176
0.6440955400466919
-0.4337453246116638
0.5750768184661865
0.3732020854949951
0.8086261749267578
0.5481758713722229
0.09014463424682617
0.5596891045570374
0.8793225884437561
0.47444581985473633
0.795267641544342
0.17753390967845917
0.5799776911735535
0.8250184059143066
-1.8728728294372559
0.7904796004295349
0.5978659987449646
-0.17335033416748047
0.6071177124977112
0.6277838349342346
0.21893221139907837
0.46845418214797974
-0.05138850584626198
0.7232201099395752
0.6590471863746643
-0.297115296125412
0.7434046864509583
0.6344050765037537
0.7026729583740234
0.6034614443778992
-0.4865518808364868
0.17393361032009125
0.3098233938217163
0.4684554934501648
-0.3629598915576935
0.6552770137786865
0.5405572056770325
0.2292918562889099
0.4785216450691223
-0.18493656814098358
0.6879081726074219
-0.6875183582305908
0.6532185077667236
0.7915301322937012
0.23198246955871582
-0.2567617893218994
0.7223418354988098
0.7971471548080444
0.6027079224586487
-0.41148924827575684
0.35981816053390503
0.05240357294678688
0.5061939358711243
0.546840488910675
0.7476336359977722
0.5044029355049133
-0.28759318590164185
0.7933550477027893
0.6280733942985535
0.25580674409866333
0.5180404782295227
0.5207014083862305
0.29126036167144775
0.6564905643463135
0.4836207628250122
0.7106711268424988
0.0700518786907196
-0.003682892769575119
0.4256775975227356
-0.056844402104616165
0.8181735873222351
0.5215414762496948
0.7272499799728394
0.6598675847053528
0.8505421280860901
0.6982396841049194
0.4440153241157532
0.732109546661377
0.5060396194458008
0.6692866683006287
0.8469208478927612
0.7612543702125549
0.5256336331367493
-0.3294205069541931
-0.9532554745674133
0.7843870520591736
0.7643797993659973
0.038276005536317825
-0.3041364252567291
0.8141963481903076
0.723727822303772
0.6438686847686768
0.698872447013855
0.6105768084526062
-0.03162016347050667
0.19874000549316406
0.7302088141441345
-0.2254420965909958
0.6116648316383362
0.822472870349884
0.5262987017631531
0.7784028649330139
0.06953202188014984
0.6090137958526611
0.2504776418209076
0.1232464611530304
0.6967467069625854
0.8479878306388855
0.8186269402503967
0.57590252161026
0.5485424399375916
0.3732665777206421
-0.0730857104063034
-0.5451011061668396
0.28164130449295044
0.3692382872104645
0.6465339660644531
0.34407854080200195
-0.827706515789032
-0.16364431381225586
0.5526741743087769
0.7341848611831665
0.5183929800987244
0.8100486397743225
0.7053391933441162
0.7820730805397034
0.5525912046432495
0.6123629808425903
0.5857720971107483
0.5158579349517822
0.7260215878486633
0.5676357746124268
0.6286007761955261
-0.013782192021608353
0.21854272484779358
0.6506854891777039
0.7956854104995728
-0.43426114320755005
0.2479860782623291
0.43957290053367615
0.377376526594162
0.5798418521881104
0.6938862204551697
0.5382415056228638
-0.27131322026252747
0.6061940789222717
0.031431060284376144
0.6770605444908142
0.870100200176239
0.44278350472450256
0.8906792998313904
0.7179087996482849
-1.1843472719192505
0.5464615821838379
0.03409523889422417
0.12923814356327057
-0.211287260055542
0.7458242774009705
0.6359950304031372
0.07392480969429016
0.6697004437446594
0.5765718817710876
-0.3665274977684021
0.646906852722168
-0.2585122287273407
-0.13972021639347076
0.5663799047470093
0.771988570690155
0.7575993537902832
0.053485143929719925
0.7748500108718872
-0.023677367717027664
0.5417017340660095
0.573988139629364
0.29741907119750977
0.2366420030593872
0.6500169038772583
0.6505493521690369
0.7340642213821411
0.8098360896110535
-0.0516335628926754
0.4909358024597168
0.741581380367279
-0.31895214319229126
0.4160917103290558
0.6299405694007874
0.5850282907485962
0.36243772506713867
0.7148834466934204
-0.5900550484657288
0.2868584990501404
0.5873205661773682
0.6865566968917847
0.20182502269744873
0.014017898589372635
-0.05065320059657097
0.12436281144618988
0.4375574588775635
0.6151978373527527
0.7936983704566956
0.05788223817944527
0.586722731590271
0.5701583027839661
0.49917542934417725
0.3390626311302185
0.68609219789505
0.5895742177963257
0.45793771743774414
0.5787807106971741
0.5366409420967102
0.7109254598617554
0.7864510416984558
0.6763849258422852
-0.3465591073036194
0.746870219707489
0.6379441618919373
0.7868075966835022
0.607555091381073
0.40249595046043396
0.6368798017501831
0.5153922438621521
0.6158036589622498
0.4584369659423828
0.7243887782096863
0.7658782601356506
0.5109527707099915
0.7516866326332092
0.6571812629699707
0.11457063257694244
0.6940178871154785
0.21369820833206177
0.6448763608932495
0.3858151435852051
-0.19868110120296478
0.581797182559967
0.3565467298030853
0.07018326222896576
0.8121068477630615
-0.4119725823402405
0.6355418562889099
0.5747979283332825
0.7640897035598755
0.43073493242263794
0.8723910450935364
0.646770179271698
-0.12609274685382843
0.6931973695755005
0.6318013668060303
0.35205623507499695
0.1727050095796585
0.37988147139549255
0.7072816491127014
0.2443532943725586
0.6408149003982544
0.41972389817237854
-0.5255676507949829
0.7411667108535767
0.6506946682929993
-0.06231305003166199
0.4761255979537964
0.6136768460273743
0.6446793675422668
0.45648282766342163
0.5338160395622253
0.7749982476234436
0.725457489490509
0.46846890449523926
0.6682031750679016
-0.0953449085354805
-0.0998031347990036
0.6904763579368591
0.3157552182674408
0.18715976178646088
-0.5423397421836853
0.6806816458702087
0.10521826148033142
0.5015947818756104
-0.6394950747489929
0.14263615012168884
0.4152262210845947
0.8329455852508545
0.6718299388885498
0.10238237679004669
0.5415054559707642
-0.4789494276046753
0.781859278678894
-1.2335830926895142
-0.499986469745636
0.059857163578271866
0.5402197241783142
0.8267912864685059
0.6826955080032349
0.3662415146827698
0.7898804545402527
-0.28306227922439575
0.8120248317718506
0.4889012575149536
0.2724842429161072
0.5608702301979065
0.5979269742965698
-0.18093036115169525
-0.23662900924682617
0.3569488525390625
0.6389495730400085
0.8969724178314209
-0.2101074457168579
0.29185751080513
0.6832460761070251
0.6496145129203796
0.7311934232711792
0.6241567134857178
0.23981726169586182
0.5963453054428101
0.5894972681999207
0.6858752965927124
-0.5361953973770142
-0.34650710225105286
0.2825898826122284
-0.11752310395240784
0.431463360786438
-0.19647210836410522
0.6820870041847229
0.06978785991668701
0.5654969811439514
0.19296908378601074
0.2554074823856354
0.6184382438659668
0.8035591840744019
0.3199467360973358
0.3068348467350006
-0.00015483424067497253
0.5889281630516052
0.7618310451507568
0.3227294683456421
0.7209960222244263
0.8871474266052246
0.0047996677458286285
0.8767954707145691
0.7143123149871826
0.582516074180603
0.74366694688797
0.1697005182504654
0.5476197600364685
-0.3328527808189392
0.4354727864265442
-1.168005347251892
0.7550259828567505
0.8193826675415039
0.820762574672699
0.08499222993850708
0.07395519316196442
-0.24191589653491974
0.7480038404464722
-1.1044299602508545
-0.19476710259914398
0.7286295890808105
0.2758147716522217
0.6003174185752869
-0.2855865955352783
0.5514482259750366
0.6185652613639832
0.5983328819274902
0.571709394454956
0.6223297715187073
0.03300151601433754
0.787328839302063
0.324796199798584
0.7891616225242615
0.4467927813529968
-0.34659427404403687
-0.4035310447216034
0.21872276067733765
0.5600016713142395
0.5112188458442688
0.8150477409362793
-0.22144298255443573
0.551085889339447
-0.3660890460014343
0.5652136206626892
-1.0168753862380981
0.6067097783088684
0.6653673052787781
0.6030330657958984
-1.051095724105835
0.6721783876419067
-0.2492658942937851
-0.3735390305519104
0.05369304493069649
0.32445159554481506
0.06885544955730438
0.40412959456443787
-0.340147465467453
0.6159588694572449
0.23226657509803772
0.34845900535583496
0.6291647553443909
0.7531951665878296
0.5694194436073303
0.8090348839759827
-0.987413763999939
0.61490398645401
0.8346878886222839
0.5073957443237305
0.49503785371780396
0.06183672323822975
0.5244288444519043
-0.4321424961090088
0.7822051048278809
-0.2626863718032837
0.3442634344100952
0.7721856832504272
0.20771420001983643
0.5908425450325012
0.5355870127677917
0.40926429629325867
0.30488285422325134
-0.31075355410575867
0.8415707945823669
0.4146527647972107
0.4073803126811981
0.7252203226089478
-0.25967028737068176
-0.02517867460846901
0.7099950313568115
0.5086988806724548
-0.15030020475387573
0.38890540599823
-0.23737728595733643
0.6433717012405396
0.2575356960296631
-0.6282042264938354
0.7997475862503052
0.45201313495635986
-0.1485280990600586
0.7516770362854004
0.45541834831237793
0.8544295430183411
-0.019209299236536026
0.4343186914920807
0.3463819622993469
-1.3978586196899414
-0.20081812143325806
0.6188840270042419
0.6379942893981934
0.5765637159347534
0.7177645564079285
0.38862258195877075
0.07348823547363281
-0.22469504177570343
0.14880353212356567
0.7941226959228516
0.15984827280044556
0.8230630159378052
0.16843165457248688
-0.030011892318725586
0.6154401302337646
0.7127232551574707
0.5714730620384216
-0.06983951479196548
0.5745394229888916
-0.39672768115997314
0.598344624042511
0.8053404688835144
0.7359685301780701
-0.5516685247421265
0.6675704121589661
0.20349347591400146
0.6469423174858093
0.4516677260398865
0.1791038066148758
-0.23702141642570496
0.7514623999595642
0.6303746104240417
0.656012237071991
-0.48488402366638184
0.828415036201477
0.24896913766860962
0.32505878806114197
-1.4746417999267578
0.0653999000787735
0.6389843225479126
0.36068621277809143
0.36363282799720764
0.5713196396827698
0.5820229053497314
0.29119449853897095
0.6466624140739441
0.7178024649620056
0.6058990955352783
0.4955037236213684
-0.04392733797430992
0.831085741519928
0.7689549326896667
-0.7883866429328918
-0.19218383729457855
0.19474706053733826
0.7701632380485535
0.6255401372909546
-0.08733278512954712
-0.954321563243866
0.4740375280380249
-1.241076111793518
0.5853201746940613
0.35761499404907227
0.781989574432373
-0.5542562007904053
0.6241788268089294
0.5808371901512146
0.6524090766906738
0.21901074051856995
-0.5077181458473206
0.551516592502594
0.670292317867279
0.5071112513542175
0.7989864349365234
0.6007692813873291
0.6702019572257996
0.4548761248588562
0.3425372540950775
0.825674295425415
0.38210269808769226
0.3602001667022705
-0.26333197951316833
0.6099475026130676
-1.1494390964508057
0.33946070075035095
0.5127533674240112
0.5781236290931702
0.8197895288467407
0.30438172817230225
0.505915105342865
0.0502828024327755
0.5085494518280029
0.032053302973508835
-0.050877220928668976
0.40871238708496094
0.7485081553459167
0.7111235857009888
0.20619207620620728
0.4895753264427185
0.7105464935302734
