-0.42130786180496216
-0.6769270300865173
-1.3465811014175415
-0.6102375388145447
-0.6690575480461121
-0.9385576844215393
-0.6764504313468933
-0.6421850919723511
-1.2690989971160889
-0.9273231625556946
-0.9508742690086365
-0.8338941335678101
-2.027618169784546
-0.8804722428321838
-0.9420571327209473
-2.2810208797454834
-1.0861704349517822
-1.8398213386535645
-1.4397354125976562
-1.0618983507156372
-1.5088262557983398
-1.0595909357070923
-1.4373656511306763
-1.1300915479660034
-1.0551376342773438
-0.6350628137588501
-0.833609402179718
-0.8893027901649475
-1.2539598941802979
-1.0896821022033691
-0.8322974443435669
-1.5561354160308838
-0.8540998101234436
-0.7299909591674805
-2.001817226409912
-0.7334983944892883
-0.8382627964019775
-0.7869262099266052
-0.7511391043663025
-0.821826159954071
-0.6058796048164368
-1.6602569818496704
-1.2227424383163452
-0.8636804223060608
-1.165246844291687
-1.5259255170822144
-0.726681649684906
-0.7743703722953796
-0.9804264903068542
-0.8717524409294128
-0.9276819825172424
-1.179604172706604
-2.0214831829071045
-0.6768634915351868
-1.7476826906204224
-0.7687196135520935
-1.8011434078216553
-0.8951590657234192
-0.9331185221672058
-0.9493324160575867
-1.0015734434127808
-0.8433225154876709
-1.4417732954025269
-0.7646967768669128
-0.736120879650116
-0.7210907340049744
-1.4021564722061157
-0.9766899943351746
-1.0814968347549438
-0.6428895592689514
-0.6556128263473511
-0.8000376224517822
-1.1090760231018066
-1.3952429294586182
-0.9301807880401611
-0.8032639622688293
-0.852138102054596
-1.5072720050811768
-1.4528210163116455
-0.8165119886398315
-1.085462212562561
-1.4018017053604126
-1.7514843940734863
-1.01310396194458
-1.1137685775756836
-0.9188271760940552
-1.4017030000686646
-0.6051098108291626
-0.7573676109313965
-0.7726812958717346
-2.284811496734619
-0.8821384906768799
-2.0793731212615967
-1.8487286567687988
-0.8014573454856873
-0.8181512355804443
-1.2751001119613647
-2.0952231884002686
-0.9323055148124695
-0.7229109406471252
-0.779398500919342
-1.1004562377929688
-1.1393392086029053
-1.727907419204712
-0.7872323989868164
-0.9182558059692383
-0.7680277228355408
-0.8689241409301758
-0.9952613115310669
-1.220226526260376
-0.8800011873245239
-1.3306061029434204
-0.7826229929924011
-1.4347046613693237
-1.4350470304489136
-0.8754542469978333
-0.9396939277648926
-1.1379213333129883
-1.5923614501953125
-1.1081337928771973
-0.8293842673301697
-0.8280556797981262
-0.7123870849609375
-0.9300658106803894
-0.8146920800209045
-1.1885595321655273
-1.1451630592346191
-0.6946484446525574
-1.010707974433899
-0.7221798896789551
-0.6706951856613159
-1.0899555683135986
-0.8989168405532837
-1.1345328092575073
-0.9595165848731995
-1.020641565322876
-0.7163066864013672
-1.452745795249939
-0.6506825089454651
-0.7936196327209473
-1.0376449823379517
-0.8958524465560913
-0.682850182056427
-0.7757132649421692
-2.0247483253479004
-0.7305444478988647
-0.9283250570297241
-0.827978789806366
-0.8712689280509949
-0.7778258919715881
-0.7234718203544617
-0.8201268911361694
-0.5887988805770874
-1.8196929693222046
-0.8122572898864746
-0.6155776381492615
-1.050950288772583
-1.722957730293274
-0.7340220808982849
-0.7283523678779602
-0.6622400879859924
-0.6459336280822754
-1.1621532440185547
-1.0898387432098389
-0.8424117565155029
-1.1707634925842285
-0.8862308263778687
-1.2147176265716553
-1.2417685985565186
-0.9019679427146912
-1.3688441514968872
-0.9860621690750122
-0.6525253057479858
-0.6668069958686829
-1.0004992485046387
-0.9549097418785095
-1.3887547254562378
-1.393639326095581
-1.8734649419784546
-0.7417524456977844
-0.669465959072113
-0.8519880771636963
-0.856707751750946
-1.6104999780654907
-1.0226919651031494
-1.549041748046875
-1.1371251344680786
-0.9262328147888184
-1.1217985153198242
-1.487673044204712
-1.1645405292510986
-1.0485047101974487
-0.6506825089454651
-1.66777503490448
-0.8766342401504517
-0.6645529270172119
-0.6309423446655273
-0.9952262043952942
-0.92207932472229
-1.103035807609558
-0.7084620594978333
-1.2392915487289429
-1.4148240089416504
-0.9488487839698792
-0.9939748048782349
-1.9693512916564941
-0.6216927170753479
-0.5339038372039795
-0.8317374587059021
-1.7053663730621338
-1.2975504398345947
-1.0628702640533447
-0.9999776482582092
-1.296634554862976
-1.3710237741470337
-1.144415259361267
-0.8131009936332703
-1.4733723402023315
-0.5782405734062195
-0.5621694922447205
-1.2840800285339355
-1.7336697578430176
-1.7113876342773438
-0.6693356037139893
-1.3702117204666138
-1.6334751844406128
-0.9846203923225403
-0.9538907408714294
-2.0648839473724365
-0.7471298575401306
-0.9058451056480408
-0.8556855916976929
-0.5742735266685486
-1.0104397535324097
-0.7420517206192017
-1.996063470840454
-0.7504975199699402
-0.934997022151947
-0.6432841420173645
-1.73416006565094
-1.078054666519165
-0.8322412371635437
-0.8687322735786438
-1.612447738647461
-0.8266074061393738
-0.8574240803718567
-1.151248812675476
-1.5665756464004517
-0.8667251467704773
-0.7303746938705444
-0.504163384437561
-0.7782630324363708
-0.8154810070991516
-0.7681058049201965
-1.976434588432312
-0.7282974123954773
-1.9836987257003784
-1.2892673015594482
-0.6527808904647827
-0.9824162125587463
-1.674992322921753
-0.8254968523979187
-0.7852768898010254
-0.9736680388450623
-0.7092106938362122
-1.3006359338760376
-0.8925971388816833
-0.8444482088088989
-0.8202657103538513
-0.7985703945159912
-0.7967821359634399
-1.8780966997146606
-0.6633531451225281
-0.6432029604911804
-0.881783127784729
-1.5857807397842407
-0.8457430601119995
-0.92787104845047
-0.6173977255821228
-0.6909348964691162
-0.9224405884742737
-1.543757438659668
-0.721285879611969
-0.9657968878746033
-1.7609632015228271
-0.544942319393158
-0.9302187561988831
-1.3371665477752686
-1.1207036972045898
-0.6653092503547668
-1.0207222700119019
-0.8761141896247864
-1.3508245944976807
-1.6015586853027344
-1.0221819877624512
-0.6857861876487732
-2.063394546508789
-0.9267095923423767
-0.7745369672775269
-0.6811585426330566
-1.2502065896987915
-0.9814198613166809
-1.3011873960494995
-1.732569932937622
-1.9724212884902954
-1.3187954425811768
-0.5626680254936218
-1.5514196157455444
-0.4554849863052368
-1.1614036560058594
-0.7742092609405518
-0.6979933381080627
-1.29041588306427
-1.4021341800689697
-1.4850884675979614
-0.8220690488815308
-1.0392454862594604
-0.7506068348884583
-0.804774820804596
-1.6945854425430298
-0.9360997676849365
-0.8610115647315979
-1.1345690488815308
-0.4971102774143219
-0.7623805999755859
-1.1804261207580566
-1.5213840007781982
-0.7306999564170837
-1.3914308547973633
-1.455617070198059
-1.6527868509292603
-1.4193273782730103
-1.5021220445632935
-0.7397315502166748
-1.1128004789352417
-0.8237385153770447
-1.1777530908584595
-0.6148846745491028
-1.574465036392212
-1.1313409805297852
-1.5861870050430298
-0.8033521175384521
-1.0083110332489014
-0.7020562291145325
-1.3482153415679932
-0.9928134679794312
-1.3785260915756226
-0.8898595571517944
-1.0022696256637573
-0.9976977109909058
-1.3201030492782593
-0.5406345129013062
-0.7447771430015564
-1.2509686946868896
-1.0094876289367676
-1.9592126607894897
-1.695664644241333
-0.8663120269775391
-1.386387586593628
-0.8293600678443909
-0.8813632130622864
-1.0888481140136719
-0.7276722192764282
-0.6689889430999756
-0.9434666633605957
-0.9648473262786865
-0.7728257775306702
-0.7934786677360535
-1.32590913772583
-1.5367854833602905
-0.7366235852241516
-1.4265743494033813
-1.2892208099365234
-1.0334054231643677
-1.0020827054977417
-1.255940556526184
-1.3580524921417236
-0.6492276787757874
-0.8723005652427673
-0.8546751141548157
-1.7834861278533936
-0.9241060018539429
-1.4078787565231323
-1.27865731716156
-0.8353630900382996
-0.5365123152732849
-0.5615245699882507
-0.7455922365188599
-0.8497960567474365
-1.9043328762054443
-0.7423655390739441
-0.8443517088890076
-0.7612825036048889
-0.8866025805473328
-1.9505293369293213
-1.499934434890747
-0.5799837708473206
-0.7402969002723694
-0.81751948595047
-1.6279823780059814
-1.2182284593582153
-0.808539628982544
-1.0567866563796997
-1.2804279327392578
-0.7992662191390991
-1.0296860933303833
-2.202650308609009
-1.122939944267273
-0.6393353939056396
-1.0320528745651245
-0.9472307562828064
-1.5766221284866333
-1.109560489654541
-1.7655622959136963
-1.9337471723556519
-1.1636894941329956
-0.7993736863136292
-1.88181734085083
-0.953831136226654
-1.0674328804016113
-0.7795752882957458
-0.683129072189331
-0.9961501955986023
-0.9384554028511047
-0.7524244785308838
-0.8807485103607178
-0.7106371521949768
-1.21319580078125
-0.8267235159873962
-0.8119726777076721
-0.7888396382331848
-0.7831695079803467
-2.10836124420166
-0.7664642333984375
-0.7876490354537964
-0.7443870902061462
-0.7863902449607849
-0.7424609065055847
-0.8206599354743958
-0.705103874206543
-1.235060691833496
-1.0294244289398193
-1.9555875062942505
-0.84937983751297
-1.698203682899475
-0.8199433088302612
-0.7285448312759399
-1.0740559101104736
-0.9748495221138
-1.891829013824463
-1.1772887706756592
-0.909818708896637
-0.8108516931533813
-0.6776198148727417
-0.763060986995697
-0.6556807160377502
-0.5576784014701843
-0.9017441868782043
-0.8619037866592407
-0.8395638465881348
-1.5758675336837769
-1.0954134464263916
-0.7469385266304016
-1.6496316194534302
-0.8010067343711853
-1.1299445629119873
-0.9029250741004944
-1.5414655208587646
-0.9424223303794861
-1.3157519102096558
-0.7894999980926514
-0.5113483667373657
-0.8350048065185547
-1.5236787796020508
-0.8994622230529785
-0.9160729646682739
-1.4151637554168701
-1.018433690071106
-1.047781229019165
-1.1283330917358398
-1.1828222274780273
-0.8550150394439697
-1.456855297088623
-0.5394753217697144
-0.8853956460952759
-0.7669918537139893
-0.7468748092651367
-1.4831010103225708
-1.617073655128479
-0.4641117453575134
-1.1547247171401978
-0.7324919700622559
-0.6769643425941467
-0.8186293840408325
-0.864460825920105
-0.8105649948120117
-0.7228623628616333
-0.3598507046699524
-1.3479417562484741
-1.1816147565841675
-0.7973300218582153
-0.9940844178199768
-1.0017226934432983
-0.7106123566627502
-1.6225268840789795
-0.7902373671531677
-1.0239816904067993
-0.8397526144981384
-0.6460494995117188
-0.701030433177948
-1.679807424545288
-1.5627245903015137
-1.3287914991378784
-1.0995107889175415
-1.9638158082962036
-1.2564610242843628
-1.1433368921279907
-1.9295352697372437
-0.7569339871406555
-0.7592187523841858
-0.9810398817062378
-0.9528326392173767
-0.9622019529342651
-0.9143633246421814
-1.1281875371932983
-0.6686370968818665
-0.5296642780303955
-0.5938295125961304
-0.756465494632721
-1.7619718313217163
-0.8069579005241394
-0.9773927927017212
-0.6294196248054504
-0.7703736424446106
-1.043080449104309
-0.8374430537223816
-1.0956239700317383
-1.3310970067977905
-0.7788097858428955
-1.7152756452560425
-0.8805555701255798
-0.38101494312286377
-0.7196809649467468
-0.5306687951087952
-0.84283447265625
-1.0002591609954834
-1.008095622062683
-1.1312167644500732
-0.649168848991394
-0.7101474404335022
-0.5698092579841614
-0.7405248284339905
-1.1550416946411133
-0.6269374489784241
-0.9812605381011963
-1.583131194114685
-0.5188482403755188
-0.618310272693634
-0.6791128516197205
-0.910544216632843
-0.7651768326759338
-1.535818338394165
-0.8421902060508728
-0.3887082040309906
-0.44569092988967896
-1.8464518785476685
-1.1461313962936401
-0.7398375868797302
-1.5542051792144775
-1.295254111289978
-0.8791269063949585
-0.7357572317123413
-1.6209044456481934
-1.3742939233779907
-1.0741732120513916
-1.3478608131408691
-1.6505318880081177
-1.0432697534561157
-1.7713805437088013
-0.8334060907363892
-0.7387711405754089
-0.6666266918182373
-0.7874732613563538
-0.7209876179695129
-1.188018798828125
-1.775777816772461
-0.8474929928779602
-0.7538782954216003
-0.6876549124717712
-1.319141149520874
-1.7844239473342896
-1.070711374282837
-1.032461166381836
-0.8275789618492126
-1.124413251876831
-0.6547732353210449
-0.8194239735603333
-0.8679179549217224
-0.8583167195320129
-0.912764310836792
-0.8958982229232788
-0.5171153545379639
-1.0796725749969482
-1.4939157962799072
-0.6015891432762146
-0.9601575136184692
-0.883054792881012
-0.8308786749839783
-1.5445584058761597
-0.8567394018173218
-1.5931817293167114
-1.39414644241333
-0.9377687573432922
-0.9826254844665527
-0.8582838177680969
-1.4311648607254028
-1.537359595298767
-1.0919901132583618
-0.9949197173118591
-1.2803387641906738
-0.7159679532051086
-0.5601478815078735
-1.6713159084320068
-1.7035579681396484
-0.8268668055534363
-0.49594029784202576
-0.9762041568756104
-0.8867170214653015
-1.480297327041626
-0.5971948504447937
-0.8040507435798645
-1.5004607439041138
-1.5567656755447388
-0.7729499936103821
-0.9749948382377625
-0.7241495251655579
-0.648313581943512
-0.7202596664428711
-0.8310737013816833
-0.8451682329177856
-0.9597526788711548
-1.2766597270965576
-0.9175612330436707
-0.79828280210495
-0.8449837565422058
-0.9185390472412109
-1.6516084671020508
-0.916665256023407
-0.5580460429191589
-1.600893497467041
-0.9254629015922546
-1.5711150169372559
-1.0338401794433594
-0.676580011844635
-0.7512021660804749
-0.9554495215415955
-0.7896172404289246
-1.4130808115005493
-0.7446820735931396
-1.4556059837341309
-1.3940378427505493
-0.9174370765686035
-0.8957808613777161
-0.9673314690589905
-0.639301598072052
-0.9384574890136719
-0.855229914188385
-0.7594341039657593
-2.174485206604004
-0.8583429455757141
-1.9305145740509033
-0.7963224053382874
-0.689211905002594
-0.7323403358459473
-0.8368460536003113
-1.028609037399292
-1.3098883628845215
-0.8269262909889221
-0.8468796610832214
-0.8521184325218201
-1.8747498989105225
-0.8370845913887024
-0.7321462035179138
-0.7288607358932495
-0.8234362602233887
-1.042421817779541
-0.731046199798584
-1.6103732585906982
-0.9796617031097412
-0.8466596007347107
-0.9604464769363403
-0.9333502054214478
-2.033233404159546
-0.8932719826698303
-0.9594979882240295
-0.7218297123908997
-0.562007486820221
-0.8120927214622498
-1.313633680343628
-0.7079624533653259
-1.7003263235092163
-0.5992058515548706
-1.855074167251587
-0.7512516379356384
-1.0573149919509888
-1.5163935422897339
-0.7667902708053589
-1.195411205291748
-1.1774718761444092
-0.7869681119918823
-0.5523960590362549
-0.6247894763946533
-1.4896960258483887
-1.064850091934204
-0.932541012763977
-0.764578640460968
-0.7425491809844971
-1.64889657497406
-1.3180160522460938
-1.0630218982696533
-0.9213466048240662
-0.8017751574516296
-0.7179990410804749
-0.4532168507575989
-1.0137015581130981
-1.714104413986206
-1.6108428239822388
-0.9408732056617737
-0.8293197751045227
-1.9928208589553833
-0.8704980611801147
-0.9115691781044006
-0.909108579158783
-0.7405224442481995
-0.6985448598861694
-1.375616192817688
-1.0816117525100708
-0.6702741384506226
-0.7344874739646912
-0.9643486738204956
-1.639526128768921
-1.409666657447815
-1.5891082286834717
-0.9349047541618347
-1.0518794059753418
-0.7808117270469666
-1.4823517799377441
-0.6792377829551697
-0.7407218813896179
-1.2240420579910278
-0.8239127993583679
-0.7356087565422058
-0.6651399731636047
-0.908772885799408
-0.8299205899238586
-1.8907073736190796
-0.9996827244758606
-0.7450354695320129
-0.8782169818878174
-0.7947850823402405
-0.807835042476654
-1.0383713245391846
-0.9304249286651611
-0.8834349513053894
-1.1468316316604614
-0.5823090076446533
-1.9093376398086548
-0.9637531042098999
-1.744035005569458
-1.5925997495651245
-1.6714657545089722
-0.6090367436408997
-0.8205727934837341
-1.0520973205566406
-0.6485598087310791
-1.0218878984451294
-0.7699797749519348
-1.0416938066482544
-1.817685842514038
-1.0687319040298462
-1.0227396488189697
-0.836025059223175
-0.6881246566772461
-0.8088921308517456
-0.9183333516120911
-1.3518062829971313
-0.6921733021736145
-1.8180392980575562
-1.1433985233306885
-1.5590909719467163
-0.657330334186554
-0.5982024073600769
-0.7456095218658447
-0.6952428221702576
-0.88341224193573
-0.9463472962379456
-0.9140060544013977
-1.16761314868927
-1.3071417808532715
-0.6780917644500732
-0.940986692905426
-0.6947386264801025
-0.876814067363739
-0.8199235796928406
-0.6256609559059143
-0.8093186616897583
-0.6923742890357971
-2.1254191398620605
-0.7428745031356812
-1.9758981466293335
-0.9382768869400024
-0.7339704036712646
-1.72789466381073
-1.9116350412368774
-0.8422738313674927
-0.7648541927337646
-1.9087969064712524
-1.265734076499939
-0.7547362446784973
-0.812447726726532
-0.8776493668556213
-0.8236801028251648
-1.00619637966156
-0.8345288038253784
-0.7286891937255859
-1.0855220556259155
-0.604060173034668
-1.5502196550369263
-1.5775033235549927
-1.5437730550765991
-0.8565324544906616
-1.0432424545288086
-0.6487892866134644
-0.8405396342277527
-0.7190684676170349
-1.6410542726516724
-0.7407596707344055
-0.6637572050094604
-0.8125215768814087
-0.8604075908660889
-0.8800477385520935
-0.9290302395820618
-1.343691110610962
-1.0033024549484253
-1.4572789669036865
-2.069471836090088
-1.9883517026901245
-0.9629068970680237
-1.7823660373687744
-0.8851256966590881
-0.8575916886329651
-0.8827493786811829
-0.7648601531982422
-1.2615019083023071
-0.7357749938964844
-1.1017872095108032
-1.973826289176941
-1.6805404424667358
-0.7029845118522644
-0.8065414428710938
-0.9643097519874573
-0.9588348269462585
-0.8812879920005798
-0.6814386248588562
-1.0798171758651733
-0.8716604113578796
-0.8348230719566345
-0.7596904635429382
-1.130053997039795
-1.0380470752716064
-0.4666045010089874
-0.6267490386962891
-0.8546897172927856
-0.7128543853759766
-0.9767563343048096
-0.6606214642524719
-0.7028722167015076
-1.2999844551086426
-0.8387903571128845
-0.6828031539916992
-0.7725656628608704
-2.103602886199951
-1.6318634748458862
-0.8642645478248596
-0.8594170212745667
-1.3067851066589355
-0.8817355036735535
-0.753648579120636
-0.8144350647926331
-0.8854465484619141
-0.6304473876953125
-0.7482001185417175
-0.9516391158103943
-1.1110984086990356
-1.2343294620513916
-1.653077244758606
-1.6632237434387207
-0.998163640499115
-0.7663003206253052
-0.8660497665405273
-0.761515200138092
-0.7243760228157043
-0.9073717594146729
-0.9857547283172607
-1.4381431341171265
-1.6513755321502686
-0.835688591003418
-0.8031641244888306
-0.7641745805740356
-0.7457020878791809
-0.461067795753479
-0.9569687247276306
-0.689433753490448
-0.8462516665458679
-1.38258695602417
-1.3158291578292847
-0.7001256346702576
-0.6405429840087891
-0.8145306706428528
-1.602050542831421
-0.9522997736930847
-0.761626660823822
-1.0430587530136108
-0.9544864892959595
-0.8032930493354797
-0.7587942481040955
-0.6511667370796204
-0.7363347411155701
-1.0223758220672607
-1.333101749420166
-1.5302183628082275
-2.211118459701538
-1.9559855461120605
-1.6361194849014282
-0.8119403123855591
-0.5810346603393555
-1.4101324081420898
-0.8637132048606873
-0.6516139507293701
-1.3048571348190308
-0.5271862149238586
-0.6714465022087097
-0.8192582130432129
-1.2821751832962036
-0.9359171986579895
-1.1886097192764282
-0.9438914656639099
-1.5051417350769043
-0.7450859546661377
-0.9643113613128662
-0.9424381256103516
-0.90816330909729
-0.9020358920097351
-0.8957125544548035
-0.9734904766082764
-1.777285099029541
-1.8686457872390747
-0.6829914450645447
-1.2603299617767334
-1.720774531364441
-0.8825514912605286
-0.6792832612991333
-1.7994762659072876
-1.7262778282165527
-1.7635436058044434
-1.4288530349731445
-0.9568344950675964
-0.6638930439949036
-0.6724123954772949
-1.4621367454528809
-0.8910579085350037
-2.0295159816741943
-0.4362064301967621
-1.5462818145751953
-0.7113634347915649
-1.7113615274429321
-1.2059077024459839
-0.8304793238639832
-1.416706919670105
-0.708130419254303
-0.44941508769989014
-0.6063966155052185
-1.4574987888336182
-1.4811394214630127
-1.9892606735229492
-1.2298027276992798
-1.6981450319290161
-1.5663095712661743
-0.7974606156349182
-1.2241231203079224
-0.7067802548408508
-1.943324327468872
-1.913361668586731
-0.822127640247345
-0.7993519902229309
-1.3795545101165771
-0.7791345715522766
-1.7825367450714111
-0.726401686668396
-0.6976451873779297
-0.7215060591697693
-2.2831690311431885
-0.7942764759063721
-0.7193909883499146
-2.169588088989258
-1.6270304918289185
-0.9653760194778442
-0.671315610408783
-0.779880702495575
-0.7568300366401672
-1.4066921472549438
-0.7350268363952637
-0.47726428508758545
-1.6519989967346191
-0.7670534253120422
-0.9361557364463806
-0.9094685912132263
-1.7212480306625366
-0.9859032034873962
-0.7440468072891235
-1.1002919673919678
-1.8213087320327759
-0.5392193794250488
-0.7726534605026245
-0.8063270449638367
-2.012179136276245
-0.837787389755249
-0.7301382422447205
-1.871214509010315
-1.403560757637024
-0.8929740786552429
-0.9692221283912659
-1.2139239311218262
-1.0746889114379883
-0.7009888291358948
-1.3221381902694702
-1.1169116497039795
-0.6368793845176697
-0.9798713326454163
-1.7258262634277344
-0.8417989611625671
-1.009438395500183
-0.78938889503479
-0.6316549181938171
-0.5195555090904236
-1.554998755455017
-0.8783158659934998
-0.9433397054672241
-1.6562836170196533
-1.0896210670471191
-0.7432593703269958
-1.3976143598556519
-0.9591601490974426
-0.8422669768333435
-1.1259608268737793
-1.5755980014801025
-1.4444482326507568
-1.087327003479004
-1.485106348991394
-1.206856608390808
-0.5927956700325012
-0.8954776525497437
-1.6333577632904053
-0.8399671912193298
-0.8899941444396973
-0.5466010570526123
-1.7989559173583984
-0.8330000042915344
-1.5498420000076294
-0.7578961253166199
-1.3932316303253174
-0.9709784388542175
-0.9559952616691589
-1.4116133451461792
-2.1079022884368896
-0.8619009256362915
-0.5437123775482178
-0.8042617440223694
-0.9127640724182129
-0.6362307667732239
-1.3948771953582764
-0.8471006155014038
-0.7953847050666809
-0.6084573864936829
-0.6231058835983276
-0.8100234866142273
-0.9855805039405823
-0.4574955999851227
-2.0047287940979004
-1.305903434753418
-1.704827070236206
-0.944726288318634
-1.5183788537979126
-0.9239845871925354
-0.672915518283844
-0.811958909034729
-1.6719870567321777
-0.7570104598999023
-0.8438120484352112
-1.188649296760559
-0.8761717677116394
-1.555463194847107
-0.6611619591712952
-0.9383196234703064
-0.7280211448669434
-1.6667906045913696
-0.6999486088752747
-0.5665928721427917
-1.919241189956665
-0.5392706990242004
-1.7795512676239014
-1.4350547790527344
-1.4188388586044312
-0.9643879532814026
-1.554210901260376
-1.1435354948043823
-1.582993745803833
-0.6433817744255066
-0.7414759993553162
-1.7136789560317993
-1.2435697317123413
-0.7868198752403259
-0.7038862109184265
-0.6779938340187073
-0.7311729788780212
-0.9390289187431335
-0.6239892840385437
-1.106569766998291
-0.9972301721572876
-2.0392351150512695
-0.8148770332336426
-1.361567497253418
-1.2419285774230957
-0.5901235938072205
-1.0105834007263184
-0.5880197286605835
-0.8520223498344421
-1.3273682594299316
-1.652833342552185
-0.6645238399505615
-0.9890561699867249
-1.9911112785339355
-1.9400323629379272
-1.8410214185714722
-0.9793000817298889
-1.305564522743225
-0.7395702004432678
-0.6949418187141418
-0.9821032881736755
-0.733644962310791
-1.9371713399887085
-0.7800478935241699
-0.9466761946678162
-0.6218233704566956
-0.734353244304657
-0.8536527156829834
-0.5770114660263062
-0.5647315382957458
-0.9414296746253967
