-0.5382586121559143
-0.24797414243221283
-1.729227900505066
-0.06095980852842331
-0.2175736129283905
-0.5182667970657349
0.01757948473095894
-0.8988451361656189
-1.3798625469207764
-0.5076581239700317
-0.39464497566223145
-0.3481888175010681
-0.5192733407020569
-0.5244729518890381
0.4261057376861572
-1.2298569679260254
-0.9545706510543823
-1.399933099746704
-1.5048036575317383
-0.826265275478363
-1.0582541227340698
-0.7115830183029175
-1.1576414108276367
-1.0954139232635498
-1.0593321323394775
-0.7767564058303833
-0.7950469255447388
-0.5449736714363098
-1.1003589630126953
-0.5555195212364197
-0.4883711338043213
-1.026832103729248
-0.7552308440208435
-0.14542409777641296
-1.4746192693710327
-0.14769384264945984
0.21548479795455933
-0.6498660445213318
-0.18963979184627533
-0.1800411194562912
-0.8655528426170349
-0.9730736613273621
-0.8559646010398865
-0.9446372389793396
-0.15424057841300964
-1.851332187652588
-1.111327052116394
-0.38446128368377686
-0.6465274095535278
-1.1886571645736694
-0.33990615606307983
-1.1604975461959839
-1.0517514944076538
-0.09425236284732819
-1.102615475654602
-0.49368220567703247
-1.2591110467910767
-1.191239833831787
-0.09324106574058533
-0.6251196265220642
-0.9178877472877502
-0.2522014379501343
-1.332207441329956
-0.27083519101142883
-0.5456109642982483
0.3267068564891815
-1.1594761610031128
-0.35458406805992126
-0.9943419098854065
-0.9050068259239197
-0.0490654781460762
-0.2891996204853058
-0.47367730736732483
-0.7521246671676636
-0.6428995728492737
-0.5613631010055542
-0.38088536262512207
-1.6079753637313843
-1.3477773666381836
-0.09400884807109833
-0.34929215908050537
-1.483153223991394
-0.5282045602798462
-1.0930763483047485
-0.5754605531692505
0.015920225530862808
-1.2333468198776245
-0.6230766773223877
-0.7432132959365845
-0.7099679112434387
-1.6975877285003662
-0.4516424834728241
-1.5674501657485962
-1.3557748794555664
-0.347828209400177
-0.1569472849369049
-0.41546472907066345
-1.9646960496902466
-0.37667590379714966
-0.34405943751335144
-1.3183493614196777
-0.6324805021286011
-1.3406182527542114
-1.3060542345046997
-0.5103622674942017
-0.31182971596717834
-0.3087681531906128
-0.5275325179100037
-1.0565159320831299
-0.49080419540405273
-0.064247727394104
-0.9278100728988647
0.14603208005428314
-1.971989393234253
-1.4502589702606201
-0.36040017008781433
-0.8719724416732788
-1.7300770282745361
-1.3738996982574463
-1.0900756120681763
-0.7259566783905029
-0.8042935729026794
-0.23313921689987183
-0.3669602870941162
-0.5831894278526306
-1.2800346612930298
-0.8567636609077454
-0.4216102361679077
-0.6963948607444763
-0.9942466616630554
-0.822321355342865
-1.5344229936599731
-0.6285290718078613
-0.9516131281852722
-0.3946642279624939
-1.291321039199829
-0.462822824716568
-1.3547754287719727
-0.14465467631816864
-0.6966142654418945
-0.9070439338684082
0.5000269412994385
-0.16111905872821808
-0.4593225419521332
-0.8830016255378723
-0.5513584017753601
-1.0510079860687256
-0.43551772832870483
-0.35392022132873535
-0.3903471827507019
-0.1705501228570938
-0.7681080102920532
-0.7632070183753967
-0.7104695439338684
-0.5730332136154175
-0.19374120235443115
-0.23846009373664856
-1.4176435470581055
-0.8274681568145752
-0.15486395359039307
-1.6635901927947998
-0.6697251200675964
-0.7928112745285034
-0.7549501061439514
-0.8061462044715881
-1.2549676895141602
-0.41399478912353516
-1.2726863622665405
-1.3642923831939697
-0.6922944188117981
-1.2219394445419312
-0.7464461326599121
-0.7570493221282959
-0.3807249963283539
-0.7069804668426514
-1.0004689693450928
-0.5373361110687256
-0.5954586863517761
-1.0455783605575562
-0.1771664023399353
-0.5034750699996948
-1.0947133302688599
-0.4507351517677307
-1.505022644996643
-1.0605581998825073
-1.6334223747253418
0.10429498553276062
-0.2872910499572754
-0.9841158390045166
-1.7752623558044434
-1.2617008686065674
-0.8606002330780029
-0.14465467631816864
-0.3085020184516907
-0.9832673668861389
-0.784244954586029
-0.5165674686431885
-0.6692360043525696
-0.43518587946891785
-0.45788949728012085
-0.5451229214668274
-0.5294846296310425
-0.9146643280982971
-1.1871172189712524
0.5301536321640015
-1.9847877025604248
-0.30652832984924316
-0.32745522260665894
-0.9281997084617615
-0.9325882792472839
-0.7897049188613892
-0.29566025733947754
-1.0987093448638916
-1.1680958271026611
-1.3317596912384033
0.46671420335769653
-0.5390759706497192
-1.291696548461914
-0.2489979863166809
-0.445060670375824
-1.0632208585739136
-1.7547855377197266
-1.876561164855957
-0.27096453309059143
-0.016699466854333878
-1.1996891498565674
-0.7718338966369629
-0.7832420468330383
-2.2600927352905273
-0.46924346685409546
-0.5469878315925598
-0.5360748767852783
-0.6270429491996765
-0.7490203380584717
-1.1369538307189941
-1.008025884628296
-0.6594557166099548
-0.8351569771766663
-0.39873385429382324
-1.9051529169082642
-0.24073028564453125
0.30010220408439636
0.060049768537282944
-1.202201008796692
-0.6444016695022583
-0.16514386236667633
-0.9128274917602539
-1.8441859483718872
-0.5456376075744629
-0.800513744354248
-0.3616763949394226
-0.4684194028377533
-0.5915206074714661
-0.4138730764389038
-1.8477270603179932
-0.9402775168418884
-1.107548713684082
-1.652266502380371
-0.9009444713592529
-0.685956597328186
-1.2410355806350708
-0.43744543194770813
0.6510106921195984
-0.09008453786373138
0.011224944144487381
-1.5035269260406494
-0.9125447273254395
-0.780185341835022
-1.0847057104110718
-1.4198920726776123
-0.2400832176208496
-1.7396705150604248
-0.33601969480514526
-0.4477800130844116
-1.1577335596084595
-1.1835501194000244
-0.4407605230808258
-0.6144606471061707
-0.9301575422286987
-0.46771788597106934
-0.3618103563785553
-0.8240899443626404
-0.218550443649292
-1.059247612953186
-1.8921725749969482
-0.3783416152000427
-0.52564936876297
-1.3717907667160034
-0.5971860289573669
-0.911366879940033
-0.8339102864265442
-0.20019951462745667
-0.8263399600982666
-1.3239809274673462
-0.5340076088905334
-0.201380655169487
-1.3066766262054443
0.46758925914764404
-1.0857784748077393
-0.6601102948188782
-1.3873788118362427
-2.2772884368896484
-0.8109349608421326
-1.8882604837417603
-1.847982406616211
-1.1235711574554443
0.1728917509317398
-1.4753297567367554
-1.1514800786972046
-0.5435611605644226
-0.7978004813194275
-0.27877384424209595
0.1636667251586914
-1.5068855285644531
-0.6342442035675049
-0.6153855919837952
-0.658740222454071
-0.8323274254798889
-0.7447917461395264
-2.1133124828338623
-1.0321251153945923
-2.230628252029419
-1.1745213270187378
-0.49576902389526367
-0.7503983974456787
-0.9421819448471069
-1.6263891458511353
-0.5959172248840332
-1.002564787864685
-0.8473836183547974
-0.5211246609687805
-0.6711742877960205
-0.7216784358024597
-1.0539195537567139
-1.1758185625076294
-0.5246705412864685
-0.5638735294342041
-0.32940709590911865
-0.8812509179115295
-0.9035271406173706
-1.978497862815857
-0.19711191952228546
-0.8046305179595947
-0.538550853729248
-1.3044264316558838
-0.3026721477508545
-1.2316641807556152
0.1750672608613968
-0.4275468587875366
-0.7204061150550842
-1.2411826848983765
0.21811044216156006
-0.785922646522522
-1.5587928295135498
-0.5676015019416809
-1.8051276206970215
-1.5721402168273926
-0.7150202393531799
-1.613057017326355
0.37593454122543335
-1.0676259994506836
-0.35546740889549255
-0.26863130927085876
0.027965333312749863
-0.35865968465805054
-0.5148270726203918
-0.6895695924758911
-1.0954270362854004
-1.1517682075500488
-1.0315927267074585
0.32805752754211426
-1.3784515857696533
-1.1557362079620361
-0.6085102558135986
-0.5670922994613647
-0.2649240493774414
-1.5377354621887207
-0.6302493214607239
-0.3300665020942688
-0.9646703004837036
-0.9612583518028259
0.3771118223667145
-1.8198254108428955
-0.9384450316429138
0.7861829400062561
-0.4367695748806
-0.6602148413658142
-0.9607561230659485
-0.8026741147041321
-1.072387456893921
-0.550068199634552
-0.32936063408851624
-0.28484079241752625
-0.4972354769706726
-1.100160837173462
-1.1256706714630127
-0.8313829302787781
-0.13274843990802765
-0.9134305119514465
-0.941472589969635
-1.0037413835525513
-0.01641775295138359
-0.7736332416534424
-1.1853772401809692
-0.36794179677963257
-0.6908259391784668
-1.6203491687774658
-1.1424050331115723
0.0831657201051712
-0.07109713554382324
-0.4009280204772949
-0.8734501004219055
-0.7144531607627869
-1.5201513767242432
-1.8214111328125
-1.213728427886963
-0.5032810568809509
-1.7355183362960815
-0.7908824682235718
-0.3468102216720581
-0.7568985223770142
-0.8452572226524353
-0.5465763807296753
-0.6176029443740845
-0.6406137347221375
-0.9871236681938171
-0.6338334679603577
0.09389236569404602
-0.5050467252731323
-0.6956639885902405
0.16073571145534515
-0.3680291175842285
-1.4088553190231323
-0.06508739292621613
-0.40612348914146423
-0.5013403296470642
-0.4965066909790039
-0.32322537899017334
-0.06394091248512268
-0.03099869377911091
-0.9353457689285278
-0.45219728350639343
-1.308275818824768
-0.4286743998527527
-1.0447419881820679
-0.5802673101425171
-0.4408522844314575
-0.5250858068466187
-0.918860912322998
-2.095884084701538
-0.8617103099822998
-0.6325862407684326
-0.21706874668598175
-0.7700207829475403
-0.3173232972621918
-0.5230228900909424
-0.04404802247881889
0.2219383716583252
-0.34686368703842163
-0.44986864924430847
-1.1879541873931885
-1.5946879386901855
-0.07033830881118774
-1.4288073778152466
-0.9186363816261292
-0.4929836094379425
-0.7146802544593811
-0.06634078919887543
0.627342939376831
-0.9723222851753235
-0.05184570327401161
-0.17362770438194275
-0.07874850928783417
-1.1435792446136475
0.38294994831085205
-0.4252645969390869
-0.847667396068573
-0.2532292306423187
-1.1999036073684692
-0.43893876671791077
-0.48542800545692444
-0.6048183441162109
-0.9966976046562195
-0.6257997155189514
-0.3241572380065918
-1.0084736347198486
-0.5220299959182739
-0.7271022200584412
-0.9289596080780029
0.07144592702388763
-0.11827829480171204
-0.5339857339859009
-0.4784832000732422
-0.30513864755630493
-0.5678503513336182
0.39531317353248596
-0.08490325510501862
-0.6244673728942871
-1.1775492429733276
-0.8568605184555054
-0.18954968452453613
-0.09738010913133621
-0.801224410533905
-0.6813263893127441
-1.5465813875198364
-0.45891985297203064
-0.18514984846115112
-0.8687834739685059
-0.24420768022537231
-0.14839142560958862
-0.6653015613555908
-0.0068130455911159515
-1.1272070407867432
-0.9244152903556824
-1.8877018690109253
-0.8539983034133911
-0.9215182662010193
-0.6793254017829895
-0.2565521001815796
-0.20846307277679443
-0.41675901412963867
-0.8503931164741516
-0.7307077050209045
-0.6162108182907104
-0.5741987824440002
-0.20863041281700134
-0.21357667446136475
-0.317405104637146
-0.5808460116386414
-1.3074040412902832
-0.01648131012916565
-0.7021495699882507
-0.9408994317054749
-0.5314028859138489
-0.9247272610664368
-1.5445553064346313
-0.5072351694107056
-1.243037462234497
-0.7360965609550476
-2.067599058151245
-0.7185764908790588
-0.105287104845047
0.4702110290527344
-0.3891804814338684
-1.0188006162643433
-1.1362682580947876
-0.5022060871124268
-0.8027375936508179
-0.17652484774589539
0.04197070375084877
-0.45133697986602783
-0.3602418005466461
-1.0879929065704346
0.18225416541099548
-1.2352571487426758
-1.1048814058303833
-0.5077595710754395
-0.29228460788726807
-0.5678676962852478
-0.91986483335495
-0.5256267786026001
-0.67531818151474
-0.38075366616249084
-0.783019483089447
0.4732195734977722
-1.7853236198425293
-0.9189713597297668
-0.9174900054931641
-1.2467191219329834
-0.6258509159088135
-0.948903501033783
-1.1419990062713623
-1.0283517837524414
-0.8151853680610657
-0.3731709122657776
-1.224397897720337
-0.382062166929245
-0.8926700949668884
-1.071950078010559
-0.4720350205898285
0.4468482732772827
-0.39132559299468994
-1.0336394309997559
-0.45132267475128174
-0.8288886547088623
-2.066366672515869
-0.593465268611908
-0.4013535976409912
-0.9989447593688965
-0.6759732961654663
-0.24677400290966034
-0.6273561120033264
-0.3390847146511078
-0.0342448353767395
-1.004306435585022
-1.1481895446777344
-0.6816926598548889
-0.4887339770793915
-0.44519925117492676
-0.9009466767311096
-1.2450755834579468
-0.49015337228775024
-0.6295613646507263
-0.9685831665992737
-0.56526118516922
-0.7910657525062561
-1.2246109247207642
-0.7200943827629089
-1.3133126497268677
-0.8267406225204468
-1.6489368677139282
-1.5977208614349365
-0.675329327583313
-0.5321409106254578
-0.6352479457855225
-1.9558619260787964
-1.068048357963562
-0.4165199398994446
-0.38918471336364746
-0.8917809724807739
-0.7562216520309448
-0.4072117507457733
-0.6375574469566345
-0.48167848587036133
-0.5622457265853882
-0.24348148703575134
-0.7461579442024231
-0.3643125891685486
-1.0999592542648315
-0.21830587089061737
-0.49298906326293945
-1.8386057615280151
-1.8072549104690552
0.06488314270973206
-0.2375696897506714
-0.4178774952888489
-0.7007319927215576
-0.9128654599189758
-0.6509611010551453
-0.8621664643287659
-0.5802804231643677
-1.6424182653427124
-0.16444329917430878
-0.5590111017227173
-1.1239144802093506
-0.00445958599448204
-0.8977840542793274
-0.47863027453422546
0.5369767546653748
-1.3359553813934326
-0.8720901608467102
-1.6243395805358887
-0.26713743805885315
-0.4741421937942505
-0.8086728453636169
-0.48725926876068115
-0.7227619886398315
-0.5006183385848999
-0.5288110971450806
-1.288935661315918
-1.0687141418457031
-1.2136744260787964
-1.0774154663085938
-0.6086888313293457
-0.23750455677509308
-0.7691518664360046
-0.7264001965522766
-0.6437384486198425
-1.173144817352295
-1.2089921236038208
-1.770029902458191
-1.5284712314605713
-0.36499327421188354
-0.23657211661338806
0.07601289451122284
-1.203245759010315
-1.2766292095184326
-0.10258601605892181
-0.6221003532409668
-0.6291221976280212
-1.105906367301941
-0.43361255526542664
-0.7409895062446594
-0.27108609676361084
-0.5529897809028625
-1.2521592378616333
-0.4390414357185364
-1.876342535018921
0.5282085537910461
-0.2579343318939209
-0.2997010350227356
-0.6236507296562195
-1.814413070678711
-0.29966747760772705
-0.6067150831222534
-0.3570387363433838
-0.3103720545768738
-0.45510727167129517
-0.9266864657402039
-0.5738529562950134
-1.087503433227539
0.12718133628368378
-1.7353649139404297
-0.7391005158424377
-0.8914125561714172
-1.1061553955078125
-1.1143513917922974
-1.189773440361023
-1.6303465366363525
-0.5691630244255066
-0.1001172810792923
-0.5350019335746765
-0.9917434453964233
-0.760984480381012
-0.8084447979927063
-0.5078016519546509
-0.3849850296974182
0.2566453516483307
-0.8413123488426208
-0.976225733757019
-0.9592229127883911
-0.6306854486465454
-0.24461868405342102
-0.8401783108711243
-1.156965970993042
-0.9702213406562805
-0.5260931253433228
-0.10481737554073334
-0.7615916728973389
-1.6550769805908203
-0.19037973880767822
-1.0940115451812744
-0.4718083441257477
-0.46014538407325745
-0.43615037202835083
-0.9799856543540955
-0.888472318649292
-0.48759132623672485
-0.7853941321372986
-0.3169596791267395
-0.9856604933738708
0.07470168173313141
-1.4853825569152832
-0.7027656435966492
-0.8715611100196838
0.05852125212550163
-0.9131394028663635
-0.08818821609020233
-0.7193138599395752
-1.0648878812789917
-0.09696048498153687
-0.7171033620834351
0.18540629744529724
0.06721457839012146
-0.3228142261505127
-0.9502361416816711
-0.7611120939254761
0.1971535086631775
-0.3195275664329529
-0.6111006736755371
-0.6000085473060608
-1.5628775358200073
-0.7469916939735413
-1.3319264650344849
-1.1636923551559448
-0.5322692394256592
-1.1958191394805908
-0.6497752070426941
-1.3724186420440674
-1.6995949745178223
-1.5528305768966675
-1.1460503339767456
-0.47811371088027954
-0.6620630025863647
-0.5178081393241882
-0.8583938479423523
-0.676106333732605
-0.5376901030540466
-1.2174099683761597
-1.7601405382156372
-1.1578905582427979
-0.7726725935935974
-1.0328115224838257
-1.2501423358917236
-0.31381314992904663
-0.993397057056427
-0.007221721112728119
-1.9268475770950317
-0.5651113390922546
-1.1977936029434204
0.31112343072891235
0.13699771463871002
-0.9762458801269531
-0.3124448359012604
-0.884290337562561
-0.6993263959884644
-0.9060021638870239
-0.7867496609687805
-0.5528191328048706
-0.6302371621131897
-0.20220449566841125
0.09793110191822052
-0.038553182035684586
-0.44019725918769836
-0.9602733254432678
-0.6777385473251343
-0.7076815366744995
-1.1311662197113037
-0.3355952501296997
-1.9401867389678955
-0.8655334115028381
-1.0240275859832764
-1.5141137838363647
-2.197781562805176
-0.5299821496009827
-0.7396906018257141
-1.725153923034668
-0.8956496119499207
-0.1122426837682724
-0.6334453225135803
-0.7950307130813599
-0.328090637922287
-0.13366705179214478
0.39883148670196533
-0.12732739746570587
-1.0345680713653564
-0.3581508994102478
-1.1100050210952759
-0.02588215097784996
-1.0642553567886353
-0.7158209681510925
-0.37219327688217163
-0.9329714179039001
-0.5448312163352966
-0.657194972038269
-1.365394949913025
-1.036195993423462
-0.5183521509170532
-0.4936847984790802
-0.5418996810913086
-0.654488742351532
0.4498509168624878
-1.074617862701416
-0.415829062461853
-0.6615878343582153
-1.3894844055175781
-1.9373944997787476
0.13498246669769287
-1.1430119276046753
-1.0870879888534546
-0.8183967471122742
-0.36283814907073975
-0.19727732241153717
-1.1637156009674072
-0.931785523891449
-0.4098290205001831
-1.713065266609192
-1.257423758506775
0.056591738015413284
0.17198576033115387
-0.9260149598121643
0.587325930595398
-0.6434159278869629
-0.744206428527832
-0.6426598429679871
0.0695246011018753
-0.36739635467529297
-0.8597251772880554
-1.0700392723083496
-0.869758129119873
-0.9531446099281311
-0.13743174076080322
0.20450851321220398
0.3712429702281952
-0.2182849496603012
-0.17142432928085327
-0.5310131907463074
-0.5687987804412842
-0.34070444107055664
-0.5886561870574951
-0.21059709787368774
-1.706286072731018
-1.2843358516693115
-0.19033904373645782
-0.8049688935279846
-0.809365451335907
-0.5262566804885864
-0.5171650648117065
-0.7095742225646973
-0.4579205811023712
-0.05454244837164879
-0.9233368635177612
0.41644325852394104
-0.18582898378372192
-0.9501339197158813
-1.3887590169906616
-0.6841611862182617
-0.508427619934082
-1.1534287929534912
-1.130519986152649
-1.021064043045044
-0.4662711024284363
0.4712761640548706
-1.2069754600524902
-2.0811033248901367
-0.9645570516586304
-1.1081211566925049
-0.5216986536979675
-0.2926551103591919
-1.187983512878418
-0.5023007988929749
-0.4053953289985657
-0.5843743681907654
-0.6071797609329224
-1.0223982334136963
-0.8959336280822754
-0.24308307468891144
-0.43357381224632263
-0.29986825585365295
-1.0478087663650513
0.07418850064277649
-0.7381159663200378
-0.6215566992759705
-1.445380687713623
-0.42219939827919006
-0.21667322516441345
-0.22400625050067902
-0.8779760599136353
-1.2232756614685059
-1.9713274240493774
-1.294668436050415
-0.9090674519538879
-1.5421607494354248
-1.317495584487915
0.34783506393432617
-0.17912986874580383
-0.9997720122337341
-0.5795301795005798
-0.5013847351074219
-1.1528995037078857
-0.420595645904541
-0.5422958731651306
-0.8944079279899597
-1.2074345350265503
-0.7722457647323608
-0.8083422780036926
-0.03711520507931709
-1.1246572732925415
-0.5951465964317322
-0.5297209620475769
-0.44280126690864563
-0.7904268503189087
-0.6620692014694214
-1.2466254234313965
-0.7962349057197571
-0.7085795402526855
-0.7514312267303467
-0.7166371941566467
0.43230757117271423
-0.4378558397293091
-0.7152830958366394
-0.5844138264656067
-1.4524190425872803
-1.7666863203048706
-1.2388155460357666
-1.4019633531570435
-0.4136444926261902
-0.274159699678421
-0.8007468581199646
-1.208191990852356
-0.8295521140098572
-1.5951941013336182
-0.48234909772872925
-1.0378141403198242
-0.5035172700881958
-1.2467514276504517
-0.9779970049858093
-0.9748837351799011
-0.9294408559799194
-0.5047316551208496
-0.9367939233779907
-0.96290522813797
-1.2080516815185547
-0.9151714444160461
-0.6714233756065369
-0.9491540789604187
-1.6499338150024414
-1.274312973022461
-0.948871910572052
-1.091817855834961
-0.1944614052772522
-2.19638729095459
-0.39775848388671875
-0.6676795482635498
-0.43788814544677734
-1.4950960874557495
-0.5664506554603577
-1.8164446353912354
-0.445534348487854
0.03349301591515541
-0.46810632944107056
-1.6814484596252441
-0.44347062706947327
-0.3787679672241211
-1.6902329921722412
-1.3884994983673096
-0.6924594044685364
-0.6687052845954895
-0.3636983633041382
-0.6201260685920715
-0.7502930760383606
-0.5615565776824951
0.09252704679965973
-1.4609711170196533
-0.10871584713459015
-0.8272058963775635
-0.8499995470046997
-1.3988618850708008
-0.0818382203578949
-0.950655996799469
-0.8028692007064819
-0.4688524007797241
-0.753698468208313
-0.5343214273452759
-0.6211634874343872
-1.881104588508606
-0.20018097758293152
-0.574531078338623
-1.8953039646148682
-0.18042433261871338
-1.0135831832885742
-0.8853070139884949
-1.0683772563934326
-0.6257757544517517
-0.1921454221010208
-1.1838526725769043
-0.09952905774116516
-0.5131148099899292
-0.1842433214187622
-1.6261805295944214
-0.9313117861747742
-0.7383891940116882
-0.2244797646999359
-0.7020629048347473
-0.7068004012107849
-1.5425838232040405
-1.113326072692871
-0.00041389837861061096
-1.7091212272644043
-0.5932773947715759
-0.46913447976112366
-1.2443116903305054
0.3248210847377777
-0.10497958958148956
-0.5420538187026978
-1.2078070640563965
-1.7755240201950073
-0.9023899435997009
-0.8318702578544617
-1.2744758129119873
-0.9683152437210083
-0.6325401663780212
-1.6796200275421143
-0.4650970697402954
-0.4116217792034149
-0.22552639245986938
-1.3716261386871338
-0.022148381918668747
-1.4984687566757202
-1.0661216974258423
0.13626587390899658
-0.6655983328819275
-0.04902343451976776
-0.3579859733581543
-1.4688749313354492
-1.504806399345398
-0.8158348798751831
-0.1509552150964737
-0.7622399926185608
-0.5620167255401611
-0.4426650404930115
-1.0832983255386353
-0.20515063405036926
0.11265705525875092
-0.5023742914199829
-0.3901037871837616
0.07739360630512238
-0.19525034725666046
-1.8571773767471313
-0.9227314591407776
-1.4496515989303589
-0.6150460243225098
-1.2979127168655396
-0.9731081128120422
-0.9609461426734924
-0.89134681224823
-1.7679450511932373
0.08390405774116516
-0.4479491710662842
-0.5208283066749573
-0.05147354677319527
-0.5996137857437134
-0.5688579082489014
-0.850934624671936
-0.5943487882614136
-1.7932100296020508
-1.4498146772384644
-0.5930514335632324
-1.7783838510513306
-0.9030629992485046
-1.0188066959381104
-1.8586771488189697
-1.156097173690796
-0.04326392337679863
-1.1879390478134155
-1.0719038248062134
-1.401103138923645
-0.8961682915687561
-0.9482496380805969
-1.4798829555511475
-0.6145033240318298
-0.2416015863418579
-0.7260002493858337
-0.6797792315483093
-0.16466352343559265
-0.47303688526153564
-0.38990259170532227
-0.9451679587364197
-1.0457550287246704
-1.6062296628952026
-0.9848174452781677
-0.8181734085083008
-0.6071160435676575
-0.8554310202598572
-0.888027548789978
-0.38788267970085144
-0.25697168707847595
-0.890873908996582
-1.1998481750488281
-0.2816862463951111
-1.632681965827942
-1.582430124282837
-1.498187780380249
-0.8393706679344177
-0.35843685269355774
-1.1030352115631104
-1.5636277198791504
-0.35340526700019836
-1.0025140047073364
-0.13956154882907867
-2.2981226444244385
-0.1330413669347763
0.5703122615814209
-0.4004690647125244
-0.3892455995082855
-0.15603294968605042
-0.19278845191001892
-0.7848921418190002
-0.5334706902503967
