0.12209148705005646
0.09399683773517609
0.4215727746486664
-0.1958591789007187
-0.04658978059887886
-0.23589380085468292
0.3845008313655853
0.4135902225971222
-0.2650265693664551
0.6179640889167786
0.2619176506996155
0.3729959726333618
0.819351851940155
0.6195028424263
0.7127757668495178
0.6096054315567017
0.8349983096122742
0.5618244409561157
0.7437943816184998
0.644640326499939
0.27453991770744324
0.06449444591999054
0.7778327465057373
0.7297651767730713
-0.7391837239265442
0.09316691756248474
0.10319815576076508
0.40382689237594604
0.7022905945777893
0.13800397515296936
-0.5050144195556641
0.5740239024162292
-0.12011587619781494
-0.2647389769554138
0.5216865539550781
0.5137024521827698
-0.21844492852687836
0.34760791063308716
0.5994618535041809
-0.2226332575082779
-0.368677020072937
0.5654642581939697
0.7171142101287842
0.472398579120636
0.16145789623260498
0.856380820274353
0.6667945981025696
0.256670743227005
0.5474597811698914
0.2143850326538086
0.047416578978300095
-0.07975149154663086
0.84974205493927
-0.22907376289367676
0.5954625606536865
-0.15250268578529358
0.18462011218070984
0.0021661482751369476
-0.6881320476531982
-0.36044153571128845
0.19557122886180878
0.6496337652206421
-0.058478955179452896
0.00473954901099205
0.6234198212623596
0.10978367924690247
0.8328168988227844
0.166413813829422
0.5760554671287537
0.07341711223125458
-0.4007886052131653
0.5168795585632324
-0.2504863739013672
-0.13910791277885437
-0.1287834346294403
0.22649651765823364
-0.5458313226699829
0.5494235157966614
-0.2889668941497803
0.6531792879104614
0.7700254917144775
0.48352402448654175
0.7488448023796082
0.5033983588218689
-0.09636256098747253
0.43187078833580017
0.5494484305381775
0.3835083842277527
-0.544076681137085
-0.5757743120193481
-0.4332137107849121
-0.022354861721396446
-0.5685110092163086
-0.11056183278560638
0.5161716938018799
0.003320641815662384
0.7608188390731812
-0.2893267869949341
0.48264098167419434
0.14646939933300018
0.8231148719787598
-0.16139522194862366
-0.39187976717948914
-0.6712248921394348
-0.33590924739837646
0.08391794562339783
-0.09987843036651611
0.3156841993331909
0.7327607870101929
-0.18353979289531708
0.5844945311546326
-0.275474488735199
-0.21309933066368103
0.8809429407119751
0.48218977451324463
0.8197964429855347
0.6332433223724365
-0.15277422964572906
-1.0379304885864258
0.0072974227368831635
0.26139792799949646
0.13263723254203796
0.2775692045688629
0.7232455611228943
0.4824390411376953
-0.23045329749584198
0.7056241631507874
0.5610997676849365
0.3088790774345398
-0.4457087516784668
0.7004189491271973
0.4749686121940613
0.7381093502044678
0.8445083498954773
0.6938073039054871
0.5215867161750793
0.03249506279826164
-0.713521420955658
0.15976482629776
-0.33641061186790466
-0.35478100180625916
0.2048386037349701
0.2145826518535614
-0.11295261979103088
0.45886921882629395
-0.05764693021774292
0.7964138388633728
-0.03376900032162666
0.37206995487213135
0.25426486134529114
0.3570140600204468
0.45835912227630615
0.5495543479919434
0.26793527603149414
0.5875349044799805
0.45366591215133667
0.6011536121368408
0.08985646069049835
0.685781717300415
-0.1802494376897812
-0.5768426060676575
0.31624987721443176
0.7749057412147522
0.7952168583869934
0.10980261862277985
0.2264578640460968
0.5306473970413208
0.7258839011192322
0.76188063621521
0.31818637251853943
0.6888260245323181
-0.17569470405578613
0.4598466157913208
0.4838850498199463
0.39383232593536377
0.019897256046533585
0.825103223323822
-0.24158495664596558
-0.2733851969242096
0.5948166847229004
0.3945208191871643
0.04873502627015114
-0.1751762330532074
0.7870436310768127
-0.12529148161411285
-0.5374441146850586
0.8378154039382935
0.16339710354804993
0.7867931723594666
0.7222774028778076
0.4253934323787689
0.7600634694099426
0.10050781071186066
-0.37698036432266235
0.3145295977592468
-0.019625000655651093
0.5908785462379456
0.6525529623031616
0.715003252029419
-0.987342894077301
0.018305402249097824
0.14482524991035461
0.7287160754203796
0.0804891437292099
0.5797476172447205
-0.7848557829856873
0.3831721544265747
-0.14547504484653473
0.1721760779619217
0.8207912445068359
-0.976776659488678
0.8764355182647705
-0.9240729808807373
0.5676303505897522
0.06203976646065712
-0.32332029938697815
-0.38881272077560425
0.8153228759765625
0.356162428855896
0.06100775673985481
0.758743941783905
0.8045973181724548
0.755484402179718
-0.21536380052566528
-0.06888682395219803
0.8164455890655518
-0.16849830746650696
0.5215319395065308
-0.35807591676712036
0.19479165971279144
-0.4137672185897827
0.35540318489074707
0.29553458094596863
0.8398503661155701
0.7162664532661438
-1.8129608631134033
-0.4988880157470703
0.07209423184394836
-0.2488827109336853
0.17284321784973145
0.7820165157318115
-0.4422152638435364
0.7571883201599121
-0.257127583026886
0.21624025702476501
-0.256482869386673
0.28896936774253845
0.7408407926559448
0.1873718500137329
-0.1595701277256012
0.4804134964942932
0.4487566649913788
0.6091537475585938
0.1407810002565384
-0.6995448470115662
0.46128904819488525
0.5803508162498474
0.8742027282714844
-0.14594228565692902
0.01519942656159401
0.4753611087799072
-0.14274775981903076
-0.28573527932167053
0.6777924299240112
-0.2836081385612488
-0.21981468796730042
0.6092544198036194
0.2021554708480835
0.11487194895744324
0.41218462586402893
0.2631239593029022
-1.1741161346435547
0.25313645601272583
0.0018472820520401
0.3174605965614319
0.7875311374664307
0.6294772624969482
0.8065328598022461
-0.001925535500049591
0.6170857548713684
0.11730147898197174
0.47317326068878174
0.3849293887615204
0.6019933223724365
0.5958404541015625
-0.2546813488006592
0.08083954453468323
-0.7306013703346252
0.8251497745513916
0.546299397945404
0.3537980318069458
-0.08604133874177933
-0.20170515775680542
0.7892472743988037
0.11027675867080688
-0.03705723583698273
-0.57444828748703
0.5574381351470947
0.35634392499923706
0.5686132907867432
0.4701111912727356
-0.40416449308395386
0.5454850792884827
0.3444242477416992
-0.40259161591529846
0.5561497211456299
0.2404746115207672
0.7965556383132935
0.1388174295425415
0.1656954437494278
0.5109407305717468
0.5397969484329224
0.16926315426826477
0.34778428077697754
0.7590814828872681
0.15244971215724945
0.41734838485717773
-0.5310986638069153
0.7495648860931396
-0.13905300199985504
0.6503927707672119
0.6792106032371521
0.7461296319961548
0.3585803806781769
0.4764612317085266
0.5099648833274841
-0.45307984948158264
0.4831942915916443
0.2821575105190277
0.43190938234329224
0.6147478818893433
0.25735175609588623
0.40812569856643677
0.4302394986152649
0.7679429054260254
0.612071692943573
0.19318436086177826
0.44586294889450073
-0.5617446303367615
-0.17296016216278076
0.8004648685455322
0.6093685626983643
0.46126091480255127
0.7789714336395264
0.6955751776695251
-0.11059024930000305
0.43693700432777405
0.3168203830718994
0.09811227023601532
0.38944417238235474
0.6675983667373657
0.26491308212280273
0.36037227511405945
0.7921863198280334
0.3005169928073883
0.645654559135437
0.7673643827438354
0.6433347463607788
0.8146565556526184
-0.19101083278656006
0.7433696985244751
0.7258426547050476
-0.048869241029024124
0.5400257110595703
0.48710405826568604
0.4286733865737915
0.13661931455135345
0.5863717198371887
0.5328413844108582
0.0695660263299942
-0.3045160472393036
0.566297173500061
0.7267794609069824
0.5714943408966064
0.7303382158279419
-0.5522394180297852
0.49258577823638916
-0.2741537392139435
0.40432190895080566
0.3780975043773651
0.6128029227256775
0.28795793652534485
-1.0842095613479614
-0.24151316285133362
0.10056844353675842
0.4365580379962921
-0.1797724813222885
-0.19270378351211548
0.7833816409111023
0.09091803431510925
-0.18291079998016357
-0.21904169023036957
-0.4198576807975769
0.5890286564826965
0.845134973526001
0.7722984552383423
-0.04664570465683937
-0.0868283063173294
0.060484472662210464
0.2205865979194641
0.7453415393829346
0.37845635414123535
-0.27284765243530273
0.36006584763526917
0.5581732392311096
0.706932783126831
0.7706742286682129
0.22830992937088013
-0.40421271324157715
0.41996005177497864
0.08957777917385101
0.5239753127098083
-0.5476977825164795
0.18577927350997925
0.5145165324211121
-0.27757763862609863
-0.0378817655146122
0.7165539860725403
-0.015451695770025253
-0.16634394228458405
0.0321221686899662
6.422027945518494e-05
-0.2172713726758957
0.676365077495575
-0.29531463980674744
0.37384289503097534
0.4304234981536865
0.7511520385742188
-0.020319536328315735
-0.5938337445259094
0.4584614634513855
-0.23643718659877777
0.5769591331481934
0.15179772675037384
0.06223176047205925
-0.30008402466773987
0.33071368932724
-0.19653066992759705
-0.5817108154296875
0.6712455749511719
0.6519861221313477
0.8167837262153625
0.7636569142341614
0.24473458528518677
-0.472791850566864
-0.15486066043376923
0.6462342143058777
0.007103484123945236
0.6704845428466797
0.6561513543128967
0.27642640471458435
-0.18092578649520874
-0.21166834235191345
0.5417652130126953
-0.05373178794980049
0.6851230263710022
0.03245678171515465
-0.13742873072624207
0.240510493516922
-0.07840975373983383
0.7606375217437744
0.22101333737373352
0.06611910462379456
0.3811715841293335
0.6920152902603149
0.190361887216568
0.789750337600708
0.29031917452812195
0.1523195505142212
0.7765277028083801
0.5966262221336365
-0.21249426901340485
0.1259053349494934
-0.09683831036090851
-0.12026044726371765
0.07754187285900116
0.31869930028915405
0.12935194373130798
-0.36911672353744507
0.5249136686325073
-0.18864011764526367
0.4147627055644989
0.17699196934700012
0.20913514494895935
0.08140899240970612
-0.18425479531288147
0.3753329813480377
0.40945518016815186
0.4476749300956726
0.04441089555621147
0.664949893951416
-0.3206936717033386
0.725658655166626
0.3630078434944153
0.4472860097885132
-0.8086130023002625
-0.016463447362184525
0.21654003858566284
-0.6650994420051575
0.4614543914794922
0.22537747025489807
0.09760597348213196
0.4694042205810547
0.5125174522399902
-0.6463538408279419
0.4020827114582062
0.42036154866218567
0.01322740688920021
-0.1271362006664276
-0.02911391481757164
-0.5801684856414795
0.5249015092849731
-0.05222666636109352
0.7937729358673096
0.6687095165252686
0.5579577684402466
-0.4904376268386841
0.38226041197776794
0.23649975657463074
-0.63364577293396
0.06531159579753876
0.7221555709838867
0.7262276411056519
0.1812012642621994
0.7837011814117432
-0.22107774019241333
0.44789043068885803
-0.1287434697151184
-0.26405397057533264
0.629929780960083
0.19205507636070251
0.3107704520225525
0.8141063451766968
-0.17276287078857422
0.8271604776382446
-0.42332351207733154
0.8881350159645081
0.3311159610748291
-0.1714382916688919
0.3624553382396698
0.4575499892234802
0.6128600239753723
-0.14868369698524475
0.3863869607448578
0.7470104694366455
-0.011295702308416367
0.6907541751861572
-1.1351218223571777
0.006208386272192001
0.5731180310249329
-0.2428961843252182
-0.3338770568370819
0.7210322022438049
-0.09134474396705627
0.4175609052181244
-0.3548625409603119
0.09764154255390167
0.05721290037035942
0.1783629208803177
0.6658903360366821
0.18172451853752136
0.8262491822242737
-0.21412032842636108
0.7399235367774963
0.10242460668087006
-1.5166841745376587
0.47706472873687744
0.12825286388397217
0.8212432265281677
0.6386575102806091
0.7466250061988831
-0.757119357585907
0.7864944934844971
0.7456710338592529
-0.06194906681776047
-0.5331606864929199
0.8620770573616028
0.37219399213790894
0.7680197954177856
-0.08587504923343658
-0.41756170988082886
-0.32767975330352783
0.10434526205062866
0.09434162080287933
0.2896503210067749
-1.6521633863449097
-0.4264864921569824
-0.12018842995166779
0.15332528948783875
0.7950698137283325
0.8106693029403687
-0.46368277072906494
0.7938523292541504
0.6829397082328796
0.30555957555770874
-0.07685650885105133
0.8677442669868469
0.5517187118530273
-0.7332174181938171
0.383258581161499
-0.05070754513144493
-0.41741085052490234
0.16119574010372162
0.7761788368225098
0.19876131415367126
-0.0008448250591754913
-0.0005064308643341064
0.6994492411613464
0.4468713402748108
-0.5336315631866455
0.8275665044784546
0.6415637731552124
-0.20841309428215027
-0.42614009976387024
-0.030976060777902603
0.7969573140144348
0.9355140328407288
-0.07689090073108673
-0.3196369707584381
0.5037065744400024
0.5973951816558838
-0.06796544790267944
0.8086261749267578
0.31549593806266785
0.27442875504493713
0.2645206153392792
-0.6250969171524048
-0.03935009986162186
0.795267641544342
0.17753390967845917
0.5799776911735535
0.8250184059143066
-1.7695742845535278
0.13591155409812927
0.4211905002593994
-0.14694474637508392
0.3113657236099243
0.6277838349342346
0.2312440574169159
-0.5082276463508606
0.27679887413978577
-0.824836015701294
0.6998950839042664
-0.15068602561950684
0.6961066126823425
0.222391277551651
0.15648728609085083
0.3705061972141266
-0.14100763201713562
0.17393361032009125
-0.0417349599301815
0.7631747126579285
-0.3629598915576935
0.6552770137786865
0.3067239224910736
-0.16071021556854248
0.47511208057403564
0.15366405248641968
-0.060153260827064514
0.08680355548858643
-0.3161963224411011
0.06418295204639435
0.23198246955871582
0.7290809154510498
-0.12019757926464081
-0.26459988951683044
0.17030812799930573
-0.12403567135334015
0.8633735775947571
-0.25378069281578064
0.8422320485115051
0.6180272102355957
-0.32275593280792236
0.03161415830254555
0.362917423248291
0.7066112756729126
0.5447920560836792
0.2900204658508301
-0.0204712375998497
-0.11979804933071136
0.7871863842010498
-0.2842403054237366
0.05796432122588158
-0.23669271171092987
0.6088657975196838
0.838154673576355
0.3648498058319092
0.7421875596046448
-0.2811274230480194
-0.1991909295320511
0.07949736714363098
-0.30862390995025635
0.8505421280860901
0.024197865277528763
0.20025306940078735
0.6556220054626465
-0.0743916779756546
0.3444397747516632
0.8469208478927612
0.7302163243293762
-0.4528270363807678
-0.4915597438812256
0.767868161201477
-0.33785879611968994
0.5342628359794617
0.4728304147720337
0.033281709998846054
0.8141963481903076
0.7944058775901794
-0.09211593866348267
0.490161657333374
0.5557349920272827
-0.046529125422239304
-0.0005658678710460663
0.23172283172607422
0.7111856937408447
0.014050934463739395
0.822472870349884
0.8105339407920837
-0.18556664884090424
0.15644708275794983
-0.29251834750175476
-0.3564922511577606
-0.21745304763317108
0.1610368937253952
0.8479878306388855
0.8186269402503967
0.04710707440972328
0.1308460384607315
0.46768081188201904
-0.0730857104063034
0.44206252694129944
0.28164130449295044
-0.3020200729370117
-0.3261030614376068
0.8046680688858032
-0.6855142712593079
-0.14300043880939484
-0.2529560327529907
0.04622073844075203
0.3934992551803589
0.33344602584838867
0.1835435926914215
0.001128263771533966
0.7410655617713928
-0.19472835958003998
0.8854370713233948
0.09649372100830078
0.18311047554016113
-0.7674007415771484
0.3226272165775299
-0.022357560694217682
0.5743738412857056
0.7213382124900818
0.07524728775024414
0.037794310599565506
0.3626407980918884
0.0026174671947956085
-0.7633230686187744
0.38329017162323
0.5203627943992615
0.6562966108322144
0.07896469533443451
0.03256743773818016
-0.28167518973350525
0.14689183235168457
0.870100200176239
0.24232614040374756
0.8906792998313904
0.7938727736473083
-0.43027353286743164
0.23363980650901794
-0.38346412777900696
0.27809271216392517
-0.06181328743696213
0.45641452074050903
0.6800032258033752
0.07392480969429016
0.6697004437446594
0.5765718817710876
-0.06367248296737671
0.33289557695388794
-0.2711104452610016
-0.1953805387020111
-0.0831814855337143
0.8621779084205627
0.13703227043151855
0.6483471393585205
0.44621020555496216
-0.003115300089120865
0.47210949659347534
0.518035888671875
0.7925985455513
0.22480273246765137
-0.13102570176124573
0.3369823694229126
-0.03916008025407791
-0.006931759417057037
0.15526330471038818
0.4902247190475464
0.741581380367279
-0.4391956031322479
-0.4258446991443634
0.1111752837896347
0.481323778629303
0.1657760590314865
0.7148834466934204
-0.9806588888168335
0.04817797616124153
-1.1879565715789795
0.06718401610851288
0.22408288717269897
0.720559298992157
-0.2531537413597107
0.1152915358543396
0.4375574588775635
0.8876038789749146
0.7936983704566956
0.008203137665987015
-0.4351571798324585
0.20555588603019714
-0.21839284896850586
-0.2605964243412018
0.15274347364902496
-0.2050783336162567
0.45793771743774414
-0.04865800589323044
0.39149200916290283
0.6399349570274353
-0.2624469995498657
0.22358667850494385
-0.2508023977279663
0.7500921487808228
-0.1303190141916275
-0.6880283355712891
0.19131772220134735
0.09265869855880737
0.7614622712135315
-0.11382175981998444
0.3863586187362671
0.8340616226196289
-0.19629403948783875
0.8281197547912598
-0.6738975644111633
0.7553247213363647
0.6571812629699707
0.5951637029647827
0.5257765650749207
0.5729550719261169
-0.22003863751888275
0.3858151435852051
-0.19868110120296478
0.581797182559967
0.6951208114624023
0.07018326222896576
0.3976467251777649
0.23608925938606262
0.6355418562889099
-0.12529529631137848
-0.016864005476236343
0.43073493242263794
0.2756612002849579
0.3873332142829895
-0.12609274685382843
-0.18709485232830048
0.47091639041900635
-0.03904840722680092
0.6192797422409058
0.7400195002555847
0.7072816491127014
0.164632648229599
0.6941998600959778
0.41972389817237854
-0.44705548882484436
0.7908843159675598
0.07239998877048492
-0.1999439001083374
0.8449668884277344
0.6136768460273743
0.6446793675422668
0.45648282766342163
-0.6066874861717224
0.7749982476234436
0.4653441309928894
0.46846890449523926
0.25771594047546387
0.13975635170936584
0.37719446420669556
-0.16145771741867065
0.175474151968956
0.49253028631210327
-0.10606198012828827
0.6392576098442078
0.6863728165626526
0.1222383975982666
0.735604465007782
0.24631062150001526
0.31186485290527344
0.818021297454834
-0.1412556916475296
-0.21257726848125458
0.10114818811416626
0.19945639371871948
-0.37951862812042236
0.37029290199279785
0.7580081820487976
0.5970500707626343
0.7561450600624084
0.8128139972686768
-0.15425297617912292
0.7131810784339905
0.7898804545402527
-0.1370820552110672
0.8644535541534424
0.5862814784049988
0.6283237338066101
0.35755306482315063
-0.025345470756292343
0.0009284652769565582
0.6598966717720032
-0.03876831755042076
-0.10603071004152298
0.669491171836853
-0.24577844142913818
0.29185751080513
0.15433555841445923
0.16637539863586426
0.5660414695739746
-0.3964947462081909
0.9042379856109619
0.68506920337677
-0.1063903272151947
0.5634188055992126
0.03993283584713936
0.3718387484550476
-0.6077401638031006
-0.1917096972465515
0.7154455780982971
0.34072983264923096
-0.04561396315693855
-0.1288173496723175
-0.18390189111232758
-0.5476889610290527
0.9330770373344421
-0.5048115253448486
0.812599778175354
0.5803666710853577
0.5369526147842407
-0.08869148790836334
0.4334469139575958
0.2177862823009491
0.3223128318786621
0.6103293895721436
0.8871474266052246
0.6711193323135376
0.8767954707145691
0.7193069458007812
0.582516074180603
0.42124083638191223
0.7965317964553833
0.4900199770927429
-0.6190983653068542
0.4354727864265442
-1.9114031791687012
0.45908355712890625
0.8193826675415039
0.820762574672699
0.1325656771659851
0.5685317516326904
0.22661933302879333
-0.3706815242767334
0.37189310789108276
0.333352267742157
0.8068240880966187
-0.15630866587162018
0.7997736930847168
0.6468912363052368
-0.06774455308914185
0.6711131930351257
0.04316264018416405
0.2406408190727234
-0.17116683721542358
0.3658033609390259
-0.04486555978655815
0.04631851986050606
0.81043940782547
0.4467927813529968
0.6328034400939941
-0.5360552072525024
0.4100959300994873
0.45911675691604614
0.6926469206809998
0.8150477409362793
0.27948135137557983
0.47174882888793945
0.4375593662261963
-0.026384074240922928
-0.4770227074623108
0.005477257072925568
0.3653874397277832
0.10706746578216553
0.6326674818992615
0.24106115102767944
-0.23973718285560608
-0.14428968727588654
0.6160992980003357
-0.03047185018658638
-0.35046789050102234
0.40412959456443787
0.29064691066741943
0.8112574219703674
0.2654852867126465
-0.018868010491132736
0.7950046062469482
0.6169309616088867
0.6068040728569031
0.23769405484199524
0.38299560546875
-0.11974442005157471
0.4968147277832031
0.08836735785007477
0.8423595428466797
0.11880047619342804
-0.29996365308761597
-0.08960448205471039
0.7822051048278809
-0.44765931367874146
0.8226916790008545
0.7721856832504272
0.726513147354126
0.47045964002609253
0.5355870127677917
0.7609527707099915
0.2767045795917511
-0.3312950134277344
0.723446786403656
0.32822516560554504
0.45413219928741455
0.7248625159263611
-0.08568248152732849
0.19964908063411713
0.48418551683425903
0.5061547160148621
-0.15498098731040955
-0.16151857376098633
0.548613965511322
0.2551111578941345
0.722113311290741
-0.525251567363739
0.5582798719406128
0.4891589879989624
0.2973746955394745
0.2752213478088379
0.2564193904399872
0.8544295430183411
-0.019209299236536026
0.8590266108512878
0.04706594720482826
-0.8145578503608704
0.7522224187850952
0.4031583070755005
0.5702376365661621
0.5818052887916565
0.040147487074136734
-0.12499627470970154
0.6498813033103943
0.7332077622413635
0.02657429501414299
-0.8018313646316528
0.7613596320152283
0.7003630995750427
-0.1469140648841858
0.34526628255844116
0.637862503528595
0.4007054567337036
0.09475652873516083
-0.06983951479196548
0.37977534532546997
-0.11554630100727081
0.44664546847343445
0.8053404688835144
0.33613088726997375
-0.7418138980865479
0.6619316339492798
-0.2146434634923935
0.6175061464309692
0.05890140309929848
0.41317978501319885
0.8225058317184448
0.6135106086730957
0.47734880447387695
0.054992686957120895
-0.006511826068162918
0.4472244083881378
0.24896913766860962
0.39065906405448914
-0.09034501016139984
-0.015743914991617203
0.3472729027271271
0.7699950933456421
0.3024432957172394
0.409091979265213
-0.01452312245965004
0.21146291494369507
0.586999237537384
0.6260269284248352
0.6058990955352783
0.6062957048416138
0.11364927887916565
0.3871789574623108
0.7689549326896667
-0.09533768892288208
0.6001599431037903
-0.09920337051153183
0.07332463562488556
0.4720258116722107
0.36358293890953064
-0.6625662446022034
-0.10081510245800018
-1.025093674659729
0.6853164434432983
0.2492043375968933
0.4295487105846405
-0.6316479444503784
0.24551641941070557
0.21682065725326538
0.640367329120636
0.7869237065315247
-0.2950999140739441
0.439259797334671
-0.09050053358078003
0.8082669973373413
0.6274185180664062
-0.1800917685031891
0.21479558944702148
0.27421796321868896
0.6954593062400818
0.825674295425415
0.8375094532966614
0.010991290211677551
0.34441888332366943
0.839671790599823
-1.6717439889907837
0.8716967105865479
0.6696842908859253
0.7551475763320923
0.08643004298210144
0.17719051241874695
0.11425112187862396
0.14841333031654358
0.5420177578926086
-0.09591798484325409
-0.7955843806266785
0.1449749916791916
0.40361908078193665
0.6970812082290649
0.7497073411941528
-0.07834398746490479
0.1756095439195633
