-1.0087062120437622
-1.1450713872909546
-1.9655407667160034
-0.7188407182693481
-0.5457260608673096
-0.892686128616333
-0.6902536749839783
-1.220881700515747
-0.417147159576416
-0.651748538017273
-0.9795233011245728
-0.6559226512908936
-2.331745147705078
-0.9342540502548218
-0.8582172393798828
-1.6513434648513794
-1.4815523624420166
-1.0449715852737427
-1.4136208295822144
-0.9000657200813293
-1.4354654550552368
-1.3948125839233398
-1.9106802940368652
-0.8964138627052307
-0.7430436015129089
-0.8438547253608704
-0.8173255920410156
-0.8762899041175842
-1.2332944869995117
-1.2196801900863647
-0.746730387210846
-1.8984253406524658
-0.9675522446632385
-0.7662084698677063
-1.836357593536377
-0.7800226807594299
-0.8587024211883545
-0.9061325192451477
-0.8462074995040894
-0.6662185788154602
-0.9808726906776428
-1.733852744102478
-1.2571284770965576
-1.1321690082550049
-0.8240368366241455
-1.8873356580734253
-1.0832092761993408
-0.6230565905570984
-0.8818473219871521
-1.0219687223434448
-0.6404078602790833
-0.9028130173683167
-1.9087027311325073
-1.042235255241394
-1.8038345575332642
-0.8621534705162048
-1.8781037330627441
-1.0065311193466187
-1.0781099796295166
-0.9851686358451843
-0.8350834250450134
-0.8763613104820251
-0.5708354115486145
-0.7696411609649658
-0.8231651186943054
-0.6799585819244385
-1.2890044450759888
-1.1090033054351807
-1.1692132949829102
-1.2284181118011475
-0.6134323477745056
-0.855366051197052
-1.2908663749694824
-0.5926514267921448
-0.8727980256080627
-0.9832358956336975
-1.0925298929214478
-1.4169870615005493
-0.6689116954803467
-0.852176308631897
-1.151337742805481
-1.5707199573516846
-1.4094375371932983
-0.9288293123245239
-0.8730422854423523
-1.0717980861663818
-1.936409592628479
-0.6558418869972229
-0.9941333532333374
-0.8923755884170532
-2.461656093597412
-0.7298271059989929
-1.9162577390670776
-1.4347991943359375
-1.0820114612579346
-0.6344200372695923
-1.186328649520874
-1.7137459516525269
-0.9384480714797974
-0.6741484999656677
-1.4296493530273438
-0.9001017808914185
-1.7809103727340698
-2.058997631072998
-0.9905949831008911
-0.701615035533905
-1.0246986150741577
-0.8859298825263977
-0.8426527380943298
-1.4858243465423584
-0.9464016556739807
-1.2531907558441162
-0.738374650478363
-2.0159711837768555
-1.3087635040283203
-0.8876186609268188
-1.008683681488037
-0.6233077645301819
-2.2127327919006348
-1.106091856956482
-0.9182087779045105
-1.035803198814392
-0.8250504732131958
-0.7486852407455444
-0.8602089881896973
-0.8558323383331299
-1.7572026252746582
-0.8243147730827332
-1.1825698614120483
-0.9136767983436584
-1.010654091835022
-1.2204582691192627
-1.0881866216659546
-1.214593529701233
-1.0469870567321777
-1.3561309576034546
-0.6472791433334351
-2.0643672943115234
-0.5859067440032959
-0.9482259154319763
-1.038258671760559
-0.7812424898147583
-0.9731661677360535
-0.7806708812713623
-1.642421841621399
-0.8081986308097839
-0.8252895474433899
-1.1221827268600464
-1.2041294574737549
-1.1132688522338867
-1.0204334259033203
-1.1659085750579834
-0.7061306238174438
-2.0347399711608887
-0.6441544890403748
-0.5496276617050171
-1.450722336769104
-1.7100833654403687
-0.92191481590271
-0.7310802340507507
-1.7878706455230713
-1.0768516063690186
-1.0806760787963867
-1.3270996809005737
-0.7342970371246338
-1.2224246263504028
-0.9947792887687683
-1.279464840888977
-1.6446197032928467
-0.901164710521698
-1.7765161991119385
-1.1533039808273315
-1.0360040664672852
-0.8687902688980103
-1.0956252813339233
-0.9693460464477539
-1.3067740201950073
-1.3621716499328613
-1.4995360374450684
-0.9832835793495178
-0.7378753423690796
-0.836220920085907
-0.9598580598831177
-1.7556220293045044
-1.4189151525497437
-1.7703851461410522
-1.2517499923706055
-0.9042934775352478
-0.6524004340171814
-2.364732027053833
-1.0966018438339233
-1.508791208267212
-0.5859067440032959
-1.2489567995071411
-1.2422889471054077
-0.6780600547790527
-1.0137929916381836
-1.3438689708709717
-0.9498652815818787
-1.2655633687973022
-0.6312807202339172
-0.9610965847969055
-1.403820276260376
-0.5335133075714111
-1.1026675701141357
-1.9497182369232178
-0.8417800068855286
-1.2436912059783936
-0.8717314600944519
-1.9015096426010132
-2.038330316543579
-1.1371612548828125
-0.9538583755493164
-1.2695080041885376
-0.7552341222763062
-1.118947982788086
-1.014826774597168
-0.8330330848693848
-0.7283309698104858
-0.6054115891456604
-1.575148105621338
-1.3801695108413696
-1.6287096738815308
-0.6951296925544739
-0.7998682856559753
-1.431617259979248
-0.7338727116584778
-1.1981618404388428
-2.243746042251587
-1.1286500692367554
-0.8513752222061157
-0.880230724811554
-0.7760007381439209
-0.9672980904579163
-0.9867589473724365
-2.5775985717773438
-0.8275281190872192
-0.912234902381897
-0.6218689680099487
-2.0051395893096924
-0.5908570885658264
-0.8262158036231995
-0.5369388461112976
-1.5063461065292358
-0.8297179341316223
-0.9746450185775757
-0.6850651502609253
-1.7641652822494507
-1.0829639434814453
-0.7552516460418701
-0.7760526537895203
-0.9474526047706604
-1.0172336101531982
-0.9168936610221863
-1.8973259925842285
-0.6843721270561218
-1.7832671403884888
-1.3806567192077637
-0.979665219783783
-0.6617518663406372
-0.8747258186340332
-0.6656256914138794
-0.6825850605964661
-1.1669104099273682
-0.9684127569198608
-1.2995704412460327
-0.9663224816322327
-0.8327545523643494
-0.6983087062835693
-0.9072913527488708
-0.988641083240509
-2.04103684425354
-0.9471760392189026
-1.0105342864990234
-0.641422688961029
-1.3217787742614746
-0.8161977529525757
-1.7608083486557007
-0.8175122141838074
-0.743208646774292
-0.8406578302383423
-1.7964136600494385
-0.7020876407623291
-0.7108322381973267
-0.9195871949195862
-0.8813397288322449
-1.1717787981033325
-1.3371165990829468
-1.209538221359253
-0.2940492033958435
-0.908174991607666
-0.5747900605201721
-1.8553881645202637
-1.6127344369888306
-1.020959496498108
-0.7160269021987915
-2.3866829872131348
-1.1795732975006104
-0.7450749278068542
-0.7007472515106201
-1.5847069025039673
-1.6763181686401367
-1.1482518911361694
-1.954776406288147
-1.6339205503463745
-1.4218649864196777
-0.3597639799118042
-1.5417137145996094
-0.6333491206169128
-1.1544508934020996
-0.8593004941940308
-0.8095316886901855
-1.23330557346344
-2.309860944747925
-2.0746238231658936
-1.155537724494934
-1.0331038236618042
-0.9149068593978882
-1.3323785066604614
-1.7357511520385742
-0.6165058016777039
-1.0391789674758911
-1.1226468086242676
-0.7300779223442078
-1.1134146451950073
-0.9738609790802002
-1.6576329469680786
-0.7357451915740967
-1.7523770332336426
-1.6079097986221313
-1.105316400527954
-1.2202637195587158
-1.1909117698669434
-1.2205419540405273
-1.2705466747283936
-0.8416598439216614
-1.339047908782959
-0.6289991736412048
-1.0253595113754272
-1.5946687459945679
-2.2059707641601562
-1.1009987592697144
-0.8347124457359314
-0.7271731495857239
-1.6338857412338257
-0.7674561142921448
-1.9582386016845703
-0.8512400388717651
-1.1245661973953247
-0.984572172164917
-0.9456936717033386
-0.62014240026474
-0.8299137949943542
-1.9826258420944214
-0.9283108711242676
-2.2278695106506348
-2.0976364612579346
-0.6473507881164551
-1.3703175783157349
-0.7650362849235535
-0.856456458568573
-0.5140251517295837
-0.8024642467498779
-0.7477337718009949
-0.9286245703697205
-0.9270531535148621
-1.0524684190750122
-1.0966145992279053
-1.5771698951721191
-2.012847661972046
-1.2031673192977905
-1.7590118646621704
-1.3573949337005615
-1.1638832092285156
-0.7807368636131287
-1.1539273262023926
-1.7992581129074097
-0.7353962659835815
-0.8984230756759644
-0.7973305583000183
-2.0994884967803955
-1.233166217803955
-2.050602674484253
-1.4130409955978394
-0.9695561528205872
-0.5669530034065247
-0.811857283115387
-0.7795910835266113
-1.7825356721878052
-1.9097834825515747
-0.6340315937995911
-0.8044600486755371
-0.6837562918663025
-0.8320721983909607
-1.7299456596374512
-2.0009474754333496
-0.8049416542053223
-0.6577512621879578
-1.1103838682174683
-1.5925443172454834
-1.3465354442596436
-0.9486210942268372
-1.0610291957855225
-1.405766487121582
-1.0109034776687622
-1.4175505638122559
-2.202122688293457
-1.286294937133789
-0.6950015425682068
-0.7962786555290222
-0.5109198093414307
-1.3147244453430176
-1.0656914710998535
-2.0370562076568604
-1.6926099061965942
-0.8700791597366333
-0.8757402896881104
-2.0075302124023438
-1.3939931392669678
-1.4975688457489014
-0.5261503458023071
-0.7162472009658813
-0.8820546269416809
-0.8056254982948303
-0.8980632424354553
-0.9612294435501099
-0.685011088848114
-1.593767523765564
-0.7624495625495911
-1.1280783414840698
-0.7953973412513733
-1.1449098587036133
-1.7205175161361694
-0.885666012763977
-0.6329078674316406
-1.0929062366485596
-0.5686269402503967
-1.0097241401672363
-0.8237937092781067
-0.6872355937957764
-0.8973895311355591
-1.1640061140060425
-1.9382894039154053
-0.6899423003196716
-2.395211935043335
-1.362910509109497
-0.6320769190788269
-0.7057479619979858
-1.0053850412368774
-1.55519437789917
-1.7182518243789673
-0.6950321197509766
-0.8882017731666565
-0.9415952563285828
-1.0401766300201416
-1.018439769744873
-0.858182430267334
-0.8695604801177979
-0.8741160035133362
-0.7621366381645203
-1.450964331626892
-1.4943740367889404
-0.8502674698829651
-1.770947813987732
-0.7589355707168579
-1.063202142715454
-1.2037140130996704
-1.8986939191818237
-0.7342131733894348
-2.058967113494873
-1.2564783096313477
-0.7348999977111816
-1.0752692222595215
-1.1957879066467285
-1.2154626846313477
-0.8132469058036804
-0.9590988755226135
-0.9175465703010559
-1.4320873022079468
-0.9373563528060913
-1.4140738248825073
-0.7466309070587158
-1.68735671043396
-0.8662144541740417
-1.0623669624328613
-0.9021925926208496
-1.0912747383117676
-1.6992406845092773
-1.3823233842849731
-0.7326793074607849
-0.9115946292877197
-0.9550161361694336
-0.9689136147499084
-0.7852043509483337
-0.7299066781997681
-0.9331678748130798
-1.0161081552505493
-0.4974645972251892
-0.8648259043693542
-0.7553395628929138
-0.7317554950714111
-1.1171954870224
-1.213147521018982
-0.9210239052772522
-1.5732544660568237
-0.966795027256012
-0.9090039730072021
-0.6355625987052917
-0.6379926204681396
-0.7934266328811646
-1.4172636270523071
-1.224189043045044
-1.2203336954116821
-1.4780950546264648
-2.021235942840576
-0.8023802638053894
-1.2661391496658325
-2.263493537902832
-0.8944404125213623
-1.0938619375228882
-1.4483730792999268
-1.0024299621582031
-1.2279654741287231
-1.0274009704589844
-0.840252697467804
-0.7573882937431335
-0.9362403750419617
-1.2057408094406128
-0.9068399667739868
-1.8039584159851074
-0.9307900071144104
-1.1075931787490845
-1.3543092012405396
-0.7120569944381714
-1.1078137159347534
-1.0642237663269043
-1.040855884552002
-1.076174259185791
-0.7557319402694702
-0.6414477229118347
-0.5746830105781555
-0.7091914415359497
-0.9972497224807739
-0.8262494206428528
-2.042903184890747
-0.7559457421302795
-1.0323375463485718
-1.1331729888916016
-0.652997612953186
-0.9334883093833923
-0.9423139691352844
-0.9585338234901428
-1.5183401107788086
-0.8491438031196594
-1.4345890283584595
-1.542863130569458
-0.7401082515716553
-0.7549461722373962
-0.9519467353820801
-0.85704505443573
-1.0138061046600342
-1.739535927772522
-0.5972557663917542
-0.779710054397583
-0.7831331491470337
-1.8745837211608887
-0.8338639140129089
-0.5217720866203308
-2.284477949142456
-1.318132758140564
-1.245619535446167
-0.7951856255531311
-1.3844693899154663
-0.8556443452835083
-1.008108139038086
-1.3692761659622192
-1.468909502029419
-0.936101496219635
-2.005929470062256
-0.707227349281311
-0.8336672186851501
-0.9791492819786072
-0.9988537430763245
-0.680230438709259
-1.1210567951202393
-1.890465497970581
-1.1369730234146118
-0.8747615218162537
-0.8691926598548889
-0.9565507769584656
-1.247889757156372
-1.3009635210037231
-1.0528926849365234
-0.8412454724311829
-1.682368278503418
-0.8532772660255432
-1.0160528421401978
-0.8103194236755371
-0.7572587132453918
-1.0598615407943726
-0.8266890645027161
-0.6004825234413147
-1.115456461906433
-1.4600343704223633
-0.6830362677574158
-0.923353910446167
-1.0752350091934204
-0.8689265847206116
-1.9001049995422363
-0.9264466166496277
-0.9144843220710754
-1.6777712106704712
-1.0091420412063599
-1.0551246404647827
-0.9699602723121643
-2.14025616645813
-1.7572214603424072
-1.2864795923233032
-0.7704944014549255
-1.7596412897109985
-0.6368584036827087
-0.7605438828468323
-1.8040893077850342
-1.8577958345413208
-1.1255968809127808
-0.6355410218238831
-1.0503493547439575
-0.9729608297348022
-1.3636406660079956
-0.9526552557945251
-1.0518051385879517
-1.5628950595855713
-1.8783992528915405
-1.3760722875595093
-0.961000919342041
-0.6173370480537415
-0.7119408249855042
-0.9718446135520935
-0.7158741354942322
-0.8341771960258484
-1.2227745056152344
-1.7452144622802734
-0.7325025200843811
-0.7733781337738037
-0.6616854071617126
-1.1870197057724
-1.3279341459274292
-0.8898105621337891
-0.6858935356140137
-1.7477654218673706
-0.8094488978385925
-1.3792821168899536
-1.0605692863464355
-0.9877810478210449
-0.7355915307998657
-1.2347767353057861
-1.0167949199676514
-1.838065266609192
-0.6664270758628845
-0.6197385191917419
-1.4133633375167847
-1.6031005382537842
-1.6205376386642456
-0.776118814945221
-0.7469274997711182
-0.8699108362197876
-1.1926003694534302
-0.7134068608283997
-2.3338372707366943
-0.8545626401901245
-1.6640071868896484
-1.91243314743042
-0.9321683049201965
-0.9250296950340271
-0.8503307700157166
-0.8030099272727966
-1.474526286125183
-0.7860381603240967
-0.9560798406600952
-0.6384828686714172
-1.6977452039718628
-0.7804913520812988
-0.8238124847412109
-0.9406204223632812
-0.9233860969543457
-1.3512998819351196
-0.6488066911697388
-2.093637228012085
-1.0464766025543213
-0.5997527241706848
-0.9634990096092224
-1.0093432664871216
-2.1244306564331055
-0.9122443795204163
-0.7906855344772339
-0.5523919463157654
-0.49962499737739563
-1.104952335357666
-2.012202262878418
-0.5861719250679016
-2.2511866092681885
-0.5252257585525513
-1.5415087938308716
-1.3803471326828003
-0.810014545917511
-1.3535985946655273
-0.9057984948158264
-1.6718816757202148
-1.6546415090560913
-0.8416022062301636
-0.4106048345565796
-1.0246973037719727
-1.1737840175628662
-0.9732726216316223
-0.8271756172180176
-0.8227710127830505
-0.8785700798034668
-1.4937245845794678
-1.660744309425354
-0.8815609812736511
-0.9557358026504517
-0.8323116302490234
-0.7445821166038513
-0.9697654843330383
-0.7448583245277405
-0.7245922684669495
-1.3525760173797607
-2.00838303565979
-1.1282950639724731
-1.966083288192749
-0.8728178143501282
-1.0326335430145264
-0.7889593243598938
-1.0324651002883911
-0.9660121202468872
-1.3644964694976807
-0.6421120166778564
-0.7615671753883362
-0.6190382838249207
-0.8101583123207092
-2.1724274158477783
-1.627497911453247
-1.910322904586792
-0.8001528382301331
-1.2323179244995117
-0.8899012804031372
-1.1373159885406494
-0.7143686413764954
-1.3991950750350952
-1.6699508428573608
-1.1183416843414307
-0.9735156893730164
-1.0918034315109253
-0.8323032855987549
-0.7922825217247009
-1.482521414756775
-0.9898785948753357
-1.2131892442703247
-0.8936532139778137
-0.7551261782646179
-0.7449173927307129
-1.7066172361373901
-1.072155237197876
-0.8301201462745667
-1.2929288148880005
-0.9199895858764648
-1.833343744277954
-0.7506523132324219
-1.7072153091430664
-1.657509446144104
-1.7275640964508057
-0.7571805119514465
-0.7502021193504333
-1.2953721284866333
-0.7663640379905701
-1.275377631187439
-0.6992641091346741
-0.8116956949234009
-1.9270950555801392
-1.8923155069351196
-1.3519697189331055
-0.8534358739852905
-0.8725727200508118
-0.8850799202919006
-0.8984071612358093
-1.4826843738555908
-1.0607812404632568
-2.230591058731079
-1.706054449081421
-1.4014697074890137
-0.5459569096565247
-0.9554309844970703
-1.9457567930221558
-0.6204267144203186
-0.4516938030719757
-1.0246162414550781
-0.8173535466194153
-1.24369478225708
-1.0440260171890259
-0.7244985699653625
-1.446507215499878
-1.0265254974365234
-0.7605798840522766
-0.8665264844894409
-0.5479775071144104
-1.0176218748092651
-0.6644579172134399
-2.3799123764038086
-0.9047550559043884
-1.5161733627319336
-0.9235308170318604
-0.47918829321861267
-2.0287508964538574
-1.891461968421936
-0.8198803067207336
-0.6094091534614563
-1.820043683052063
-0.9415186047554016
-0.9630025029182434
-1.0450304746627808
-0.8685409426689148
-0.7122747898101807
-0.7594640851020813
-0.8559417724609375
-0.8176554441452026
-1.8200422525405884
-0.7375762462615967
-1.5320802927017212
-0.46316730976104736
-1.1044524908065796
-0.7636902928352356
-1.0665373802185059
-1.028586506843567
-0.7820415496826172
-0.629589319229126
-0.8855793476104736
-0.8087863326072693
-1.2194187641143799
-0.8793057203292847
-1.095453143119812
-1.1376655101776123
-0.67052161693573
-1.2140779495239258
-1.1146799325942993
-1.371697187423706
-0.9012271761894226
-1.7100883722305298
-0.8362728953361511
-1.1910526752471924
-0.6984341740608215
-0.9554701447486877
-1.0528749227523804
-0.5370391607284546
-0.9594216346740723
-0.6253002882003784
-0.811206579208374
-1.6605113744735718
-1.852931261062622
-0.6721541881561279
-0.7360618114471436
-0.5969468355178833
-0.9381189942359924
-0.7918744683265686
-0.756927490234375
-1.2421590089797974
-0.9032334685325623
-0.6548944711685181
-0.9200193881988525
-0.9186366200447083
-0.9473510384559631
-0.5880140662193298
-0.6756249070167542
-1.28993821144104
-0.8551926612854004
-1.0835050344467163
-0.8477382659912109
-1.1711790561676025
-1.7865904569625854
-0.8699932098388672
-1.1344703435897827
-0.5895331501960754
-2.1389758586883545
-1.7725887298583984
-0.7706630825996399
-0.8450741767883301
-1.2273122072219849
-0.650962769985199
-0.6805360913276672
-0.9043882489204407
-0.6045253872871399
-0.6993265748023987
-0.8376902937889099
-0.5516993999481201
-1.5751893520355225
-1.23781156539917
-0.9701083302497864
-1.9192883968353271
-1.2826253175735474
-0.9688496589660645
-0.6669324636459351
-0.8487001061439514
-0.5492739081382751
-0.694570004940033
-1.253446340560913
-2.15964412689209
-1.9667582511901855
-1.4247866868972778
-1.229102373123169
-0.6254621148109436
-0.7509549260139465
-0.6507316827774048
-1.2117936611175537
-0.7942944169044495
-0.8053213357925415
-1.5534759759902954
-1.5626763105392456
-1.073878526687622
-0.44627845287323
-1.0808249711990356
-0.7909509539604187
-1.0792667865753174
-1.130843162536621
-1.149527907371521
-0.9549477696418762
-0.6109492182731628
-0.8151381611824036
-0.6710810661315918
-0.7724443078041077
-1.1618285179138184
-2.268165111541748
-1.4828217029571533
-2.430954694747925
-2.3159608840942383
-1.0606257915496826
-1.2207525968551636
-0.7182264924049377
-1.3608176708221436
-1.0172255039215088
-0.7813124656677246
-1.3157715797424316
-0.6235673427581787
-0.726395845413208
-1.1146388053894043
-1.10489821434021
-0.7293718457221985
-1.2140907049179077
-0.6465033292770386
-1.30306875705719
-1.0901830196380615
-0.8774093389511108
-1.458832025527954
-0.6501630544662476
-0.9499662518501282
-1.1208914518356323
-1.261130452156067
-0.8554459810256958
-1.7730849981307983
-0.7756599187850952
-1.1360797882080078
-1.5908501148223877
-0.6263221502304077
-0.8271915912628174
-1.1811925172805786
-1.5563050508499146
-1.7664146423339844
-1.6363775730133057
-1.088353157043457
-0.937909722328186
-0.8391861319541931
-2.096393585205078
-1.1416699886322021
-1.9209339618682861
-0.5547387599945068
-1.5983127355575562
-1.3034850358963013
-1.7263052463531494
-1.4215890169143677
-0.717596709728241
-1.5733864307403564
-0.7683377861976624
-0.7986737489700317
-0.9771919846534729
-2.0706353187561035
-1.6348028182983398
-2.0287716388702393
-1.1513793468475342
-2.272887945175171
-1.7551684379577637
-0.749159574508667
-1.7821943759918213
-0.8337276577949524
-1.4767507314682007
-2.285442590713501
-0.9294307827949524
-0.7245284914970398
-0.6564627289772034
-0.6338589787483215
-1.630615234375
-1.2309454679489136
-0.5036718249320984
-0.8000081181526184
-2.5883255004882812
-0.8689762353897095
-0.7028374671936035
-0.8761616945266724
-1.7868907451629639
-0.7717673182487488
-1.1385951042175293
-1.0679892301559448
-0.8281762599945068
-1.056429147720337
-1.203837275505066
-0.7282648086547852
-1.1857824325561523
-0.8714218139648438
-1.1079072952270508
-0.8827014565467834
-1.649635672569275
-0.8804879784584045
-1.2875795364379883
-0.7482863664627075
-1.5730385780334473
-0.8762592077255249
-0.7672731876373291
-1.1778074502944946
-2.322023630142212
-0.7943236827850342
-1.1749757528305054
-2.121347188949585
-0.9970319867134094
-0.8222344517707825
-1.434197187423706
-1.584792971611023
-1.10797119140625
-0.698904812335968
-1.425614356994629
-1.107779860496521
-1.0718294382095337
-0.90834641456604
-1.3144404888153076
-1.1743136644363403
-0.912589430809021
-0.8077632188796997
-0.6342756748199463
-0.6726021766662598
-1.8468818664550781
-0.5395261645317078
-1.0639407634735107
-1.8881031274795532
-1.2954440116882324
-0.8925299048423767
-0.8704288601875305
-0.9231481552124023
-0.7222362756729126
-0.9898914694786072
-1.5868375301361084
-1.880547046661377
-0.6964712738990784
-1.5597232580184937
-1.2730714082717896
-0.8929569125175476
-1.1003022193908691
-1.6398011445999146
-0.8809108138084412
-0.8245164752006531
-0.9517225623130798
-1.7983976602554321
-1.0082483291625977
-1.7990491390228271
-1.3212841749191284
-1.001438021659851
-0.8846238255500793
-1.0806101560592651
-0.9336235523223877
-1.8828397989273071
-0.9480840563774109
-1.1682696342468262
-0.9627478718757629
-0.7583156228065491
-0.6839593648910522
-1.7921174764633179
-0.7114012241363525
-0.7679156064987183
-0.9398509860038757
-0.8202569484710693
-1.7484819889068604
-1.0394891500473022
-0.9601198434829712
-2.0816943645477295
-1.2980592250823975
-1.3670824766159058
-0.9537691473960876
-1.51518714427948
-0.8964694738388062
-0.544644296169281
-0.7567933797836304
-2.057392120361328
-0.7651580572128296
-0.984699547290802
-0.6805298328399658
-0.6742518544197083
-1.2989224195480347
-0.8711273074150085
-1.0086479187011719
-0.652361273765564
-2.2490246295928955
-0.8211244940757751
-0.7253073453903198
-1.8422582149505615
-0.7920117974281311
-1.8358960151672363
-1.9095155000686646
-1.3501486778259277
-0.7984826564788818
-1.3635780811309814
-1.1853457689285278
-1.540970802307129
-0.9691208004951477
-0.6208130717277527
-2.1257123947143555
-1.2150046825408936
-1.1891556978225708
-0.7278647422790527
-0.773073673248291
-0.8346733450889587
-1.4421687126159668
-1.0224069356918335
-1.5927866697311401
-1.230940580368042
-1.7785484790802002
-0.9447789788246155
-1.9458812475204468
-1.2927287817001343
-0.8137986063957214
-1.2214696407318115
-0.4954749345779419
-0.9673590660095215
-0.5550147891044617
-1.3462333679199219
-1.266574501991272
-1.3763742446899414
-1.6021933555603027
-1.6216293573379517
-1.7159534692764282
-0.9530978202819824
-1.620750904083252
-1.7339253425598145
-1.0048645734786987
-0.6226608157157898
-0.7424041628837585
-1.3725813627243042
-0.6405868530273438
-1.0847444534301758
-0.7121561765670776
-0.846231997013092
-0.8474610447883606
-0.7688702344894409
-0.6250106692314148
-0.8500788807868958
