-0.23561353981494904
0.12122826278209686
-0.1704179346561432
-0.2051934450864792
0.15536381304264069
0.5989274382591248
0.3501908779144287
0.3688933849334717
-0.827934980392456
0.6978617906570435
0.8664224743843079
0.24941858649253845
0.4269791543483734
0.6264672875404358
0.6244224905967712
0.5469139814376831
0.3614066243171692
-0.6114294528961182
0.6664860248565674
0.7013683319091797
0.7155285477638245
0.7097967863082886
0.5763071179389954
0.12905296683311462
-0.3855774402618408
0.3840782940387726
0.6133391261100769
0.45247524976730347
0.6995714902877808
0.7886855006217957
0.44531774520874023
0.11902758479118347
0.679753303527832
-0.47186392545700073
-1.0383870601654053
0.4130159616470337
-0.22045478224754333
0.6473206877708435
0.41765516996383667
0.3348913788795471
-0.41025441884994507
0.6181194186210632
0.7687275409698486
0.8113847374916077
0.5714997053146362
0.6046004891395569
-0.23481988906860352
-0.3399803936481476
0.6155077815055847
0.4060223698616028
0.5142048001289368
-0.6611970067024231
0.498140811920166
-0.22902187705039978
0.1826685070991516
-0.01791270822286606
0.06816466152667999
-0.1769166886806488
0.5491025447845459
0.027154590934515
0.17814551293849945
0.7133368253707886
0.43119168281555176
0.4577566981315613
0.7834924459457397
0.5821918845176697
0.15305617451667786
0.7296690344810486
0.4977934956550598
0.37911903858184814
0.16869279742240906
0.5892766118049622
-0.5450226664543152
0.19578775763511658
-0.5573341250419617
0.6097813844680786
0.728486180305481
0.6038100719451904
-0.09638403356075287
0.6819446682929993
0.7222786545753479
0.7108864188194275
0.0807831883430481
0.2915736436843872
-0.8302120566368103
0.6870331764221191
0.0035143308341503143
0.6250395178794861
0.26325520873069763
-0.23366935551166534
0.37855616211891174
0.09626898169517517
0.54358971118927
0.09337341785430908
0.49748390913009644
0.15690559148788452
-0.09644243121147156
-0.27483636140823364
0.7829194664955139
0.5982978940010071
0.6265774965286255
0.7966811656951904
-0.5442724823951721
-0.23258598148822784
-0.4742586016654968
0.6095481514930725
0.7553246021270752
0.6971940994262695
0.27936604619026184
0.7779636979103088
0.6644797921180725
0.7965617179870605
0.6889069676399231
0.6762685179710388
0.7892423272132874
0.5082264542579651
0.629226803779602
-0.21111604571342468
-0.1769588142633438
0.7266188859939575
0.5351877212524414
-0.04008612409234047
0.6740631461143494
0.6677908301353455
0.17723700404167175
-0.5824493169784546
0.6796991229057312
0.7053840160369873
0.20068854093551636
0.5255205035209656
0.7937738299369812
0.45362526178359985
0.6946306228637695
0.8143728375434875
0.6840030550956726
0.622606635093689
0.6681829690933228
-0.2512627840042114
0.6402308344841003
0.603517472743988
0.5882907509803772
0.7616898417472839
0.7159850001335144
0.20875400304794312
-0.13718073070049286
0.5819258689880371
0.7558290362358093
0.5165871977806091
0.213904470205307
0.5967854261398315
0.02714109793305397
0.6295527219772339
-0.27067989110946655
-1.4254978895187378
0.47709065675735474
0.6587035059928894
0.5681988596916199
0.3466666042804718
0.4433461129665375
0.7187997102737427
-0.4542950987815857
0.5926458239555359
0.7056740522384644
0.7831722497940063
0.5612276792526245
0.7930763363838196
0.47926759719848633
0.34083127975463867
0.1795986443758011
0.7207844257354736
0.7669784426689148
0.39707279205322266
0.43311160802841187
0.5987722873687744
0.7305052876472473
0.8017582893371582
0.6947238445281982
-0.44235068559646606
-0.37162697315216064
0.6048228740692139
0.694701075553894
0.30385681986808777
-0.2758996784687042
0.44393646717071533
0.16162796318531036
0.3941546380519867
0.4439292848110199
0.08250248432159424
0.6622691750526428
-0.4313216209411621
0.668682873249054
0.7058016657829285
0.6402308344841003
-0.8813369274139404
0.39340588450431824
0.2336297631263733
0.7175737023353577
0.06135905161499977
0.757156252861023
0.6278178095817566
0.37617889046669006
0.11401358246803284
-0.13293865323066711
0.01425812765955925
0.38673901557922363
-0.29578331112861633
0.7109401226043701
0.6512192487716675
0.42929747700691223
-0.1895049810409546
0.5722566246986389
0.6777086853981018
-0.8075840473175049
0.4304538369178772
-0.23768377304077148
-0.11151757836341858
-0.28803372383117676
0.823025107383728
0.14457477629184723
0.28823748230934143
-0.2202630639076233
0.685278594493866
-0.11916650831699371
-0.22473850846290588
0.690166711807251
0.11975601315498352
-0.37442144751548767
0.1906159669160843
0.7312002182006836
0.6952690482139587
0.4890032410621643
0.6849937438964844
0.2968931794166565
0.593788743019104
0.5532646775245667
-1.6456115245819092
0.6308630704879761
-0.44510167837142944
-0.001069769263267517
0.7226736545562744
0.5810310244560242
-0.13784389197826385
0.40327316522598267
0.3761729896068573
0.6155192852020264
0.6191145777702332
0.7592312097549438
-1.028847575187683
0.11293184757232666
0.7205355763435364
0.6258895397186279
0.6388705372810364
0.4644111394882202
0.6823374629020691
-1.3110357522964478
0.7072890400886536
-0.302016019821167
0.8331673741340637
0.6411737203598022
0.5993584394454956
0.8084093332290649
0.7014193534851074
-0.2926359474658966
0.5630277991294861
-0.03734647110104561
0.601767361164093
0.6540663838386536
0.12552616000175476
0.5859622955322266
0.5511819124221802
0.7134301662445068
-0.7792447805404663
0.8622284531593323
0.7298529148101807
0.22539088129997253
0.6562843322753906
-0.33980289101600647
0.685416579246521
0.5147650241851807
0.18850935995578766
0.452231228351593
0.5359552502632141
0.2773643732070923
0.4686090350151062
0.27854859828948975
0.1670617014169693
0.6426826119422913
0.5003112554550171
0.7467899918556213
-0.6601499319076538
0.30941376090049744
0.23484212160110474
-1.7165111303329468
0.6708188056945801
0.4151245653629303
0.4862409234046936
0.4125525653362274
0.778844952583313
0.436288982629776
0.5686132907867432
0.2670411467552185
-0.16159725189208984
0.4471351206302643
0.045085061341524124
-0.275222510099411
0.5627994537353516
0.19998851418495178
0.7533916234970093
0.7197154760360718
0.22624114155769348
0.7189456820487976
0.5075995326042175
0.11756539344787598
0.1322508156299591
0.18957656621932983
-0.009111668914556503
0.8684386014938354
0.06624235212802887
-0.2902335226535797
-1.1814379692077637
0.6503927707672119
-0.5241041779518127
0.7584316730499268
-0.43730664253234863
0.11845707893371582
0.24566635489463806
-0.28443607687950134
0.6750558018684387
-0.9302882552146912
-0.012830261141061783
0.6299899220466614
0.7549093961715698
0.787780225276947
0.7270623445510864
0.6665611863136292
0.5123586058616638
0.8327590823173523
0.6531214118003845
-0.28969806432724
-0.7260058522224426
0.19716866314411163
0.44961613416671753
0.6653741598129272
0.7789714336395264
-0.20315463840961456
0.40742966532707214
0.6744299530982971
0.7639201283454895
0.7141888737678528
0.17687538266181946
-0.7480905055999756
0.704707682132721
0.6102312207221985
0.22803092002868652
0.7445967197418213
0.5412244200706482
0.6351674795150757
0.7348484396934509
-0.43559837341308594
-0.16616679728031158
0.4959970712661743
0.6138252019882202
0.043801259249448776
0.5171935558319092
0.48710405826568604
0.4520929455757141
0.19043907523155212
0.7629145979881287
0.5167925357818604
0.3478138744831085
0.29465606808662415
0.41745302081108093
0.4893442988395691
0.5867100358009338
-0.19926369190216064
0.7127094864845276
0.8047837615013123
0.17248792946338654
0.5751721262931824
0.29573777318000793
0.5940593481063843
0.2902757227420807
0.42768600583076477
-0.43479278683662415
0.18021231889724731
0.32306304574012756
-0.46975547075271606
0.467589795589447
0.33073747158050537
-0.9454949498176575
0.11632987856864929
0.23643949627876282
0.6199527978897095
0.5238709449768066
0.257144570350647
0.8171151280403137
0.6570229530334473
0.47625863552093506
0.43375933170318604
-0.40876859426498413
0.37516215443611145
0.7115576267242432
-0.09549754858016968
0.5352835059165955
0.7195225954055786
0.7897631525993347
-0.5186833143234253
0.7555328011512756
0.6070886850357056
0.6354789137840271
0.7445489764213562
0.7470430135726929
0.43535029888153076
-0.037244539707899094
-0.9839149117469788
-0.03859688714146614
0.09198158979415894
0.695058286190033
-0.17195463180541992
-0.3053564429283142
0.6212756037712097
0.2858141362667084
0.6550847887992859
0.6788300275802612
-0.16327695548534393
-0.4639110565185547
-0.29509237408638
-0.029786545783281326
0.6124750375747681
0.09171703457832336
0.5860551595687866
0.3791005313396454
-0.7918077707290649
0.652051568031311
0.5498956441879272
0.12467077374458313
0.2594447135925293
0.44874703884124756
0.18878763914108276
0.6947528123855591
0.6519861221313477
0.5296080112457275
0.38362830877304077
0.4698261618614197
-0.5849498510360718
-0.2621256411075592
0.625216543674469
0.6341337561607361
-0.07712853699922562
-1.635398507118225
0.5112126469612122
0.30448785424232483
0.6636340618133545
0.2866251468658447
0.5715752840042114
0.31470417976379395
-0.06276880204677582
0.6125980019569397
0.48802322149276733
0.6342697143554688
-0.19779865443706512
0.5285095572471619
0.551794171333313
0.3496081829071045
0.7381314635276794
0.27428317070007324
0.3051997721195221
0.32342517375946045
0.2518955171108246
-0.22427710890769958
0.13684555888175964
0.649163007736206
0.39149969816207886
0.10834258794784546
0.3989638090133667
0.4101887047290802
0.7548398971557617
0.66072016954422
-0.12095500528812408
0.7719159126281738
0.4788016080856323
0.7716941833496094
0.7707106471061707
0.6642999053001404
0.3511607050895691
-0.2828778028488159
0.717475950717926
0.8136784434318542
0.6027414202690125
-0.16713808476924896
0.6323578953742981
0.5949643850326538
0.7610206604003906
0.5505521893501282
0.7897794842720032
0.6711685061454773
-0.29029345512390137
0.08416929841041565
0.3766409754753113
0.7014246582984924
0.35279330611228943
-0.041503459215164185
0.48468005657196045
0.6131286025047302
-1.493602991104126
0.7383589148521423
0.41588473320007324
-0.03075433522462845
0.43642088770866394
-0.06586587429046631
-0.13914930820465088
0.25245100259780884
0.8040626049041748
0.6980606913566589
0.6897569894790649
-0.3059269189834595
-0.5480058789253235
0.4463876187801361
0.5278927087783813
-0.5985084176063538
0.36757782101631165
0.7623500823974609
0.4140319228172302
0.7216354608535767
0.7668171525001526
0.5330579280853271
0.376397967338562
0.5719650387763977
0.6272891759872437
0.6228434443473816
0.12919621169567108
0.808957576751709
0.5051164031028748
0.241964191198349
0.6206933259963989
0.16932448744773865
0.7579618096351624
0.052697207778692245
0.632595419883728
-0.8589821457862854
0.37680965662002563
0.15321549773216248
0.5293629765510559
0.48744016885757446
0.7933830618858337
0.32929977774620056
0.5239208340644836
-0.40627458691596985
0.7240051627159119
0.7271777391433716
0.6674669981002808
0.38049784302711487
0.20297789573669434
0.7816730737686157
0.8261074423789978
0.009871024638414383
0.49364352226257324
0.47146594524383545
-0.09012358635663986
0.6918320059776306
-0.9369557499885559
0.11548727750778198
0.27690598368644714
0.6325817108154297
0.6909471154212952
-0.5912086367607117
0.33057263493537903
0.13757936656475067
-0.052855733782052994
-0.1034441590309143
0.17473971843719482
-0.7668100595474243
0.5305067896842957
0.17997142672538757
0.05120206996798515
-0.07271602749824524
0.837151288986206
-0.15123401582241058
0.5050873756408691
-0.16372530162334442
-0.5074959993362427
0.3182719647884369
0.6723052859306335
0.7526043653488159
0.6697461009025574
-1.4435510635375977
0.44926729798316956
-0.3284159302711487
0.40240567922592163
-0.6013965606689453
0.7767462730407715
0.6964718103408813
0.7596434354782104
0.6360293030738831
0.43475469946861267
0.7753111720085144
0.4438633918762207
0.5957476496696472
0.8230350017547607
0.5163881778717041
0.7221980690956116
0.4855242967605591
0.35766273736953735
0.747052013874054
0.6484068036079407
0.6233079433441162
0.676983118057251
0.7050213813781738
0.544823944568634
0.7844936847686768
0.8028478622436523
-0.5855267643928528
0.6709189414978027
0.4103480279445648
0.2263507843017578
0.41075849533081055
0.24499285221099854
-0.4265890121459961
0.5944100022315979
-0.4337453246116638
0.5750768184661865
0.6826035976409912
0.7597157955169678
-0.0024320147931575775
0.41796720027923584
0.05212768539786339
-0.6250969171524048
0.47444581985473633
0.7844906449317932
0.10206042230129242
0.5799776911735535
0.5762342214584351
-1.6587553024291992
0.7628914713859558
0.6634274125099182
-0.18075789511203766
0.6715551018714905
-0.44550105929374695
0.2312440574169159
0.7964522242546082
0.6352372169494629
-0.4571697413921356
0.537606418132782
0.0907202959060669
0.7956889271736145
0.6344050765037537
0.7191263437271118
0.4985118508338928
0.5570635795593262
0.14380961656570435
0.3098233938217163
0.5451647043228149
0.5257351994514465
-0.4467914402484894
0.5405572056770325
0.13835904002189636
0.5343712568283081
-0.09371894598007202
-0.12643086910247803
-0.6875183582305908
0.6902767419815063
-0.07364906370639801
-0.004994846880435944
-0.40563440322875977
0.3216327428817749
0.7971471548080444
0.683343231678009
0.6475663185119629
-0.1613258570432663
0.14787784218788147
0.3101745545864105
0.3456012010574341
0.8028579354286194
0.21211060881614685
0.20553824305534363
0.7322362661361694
0.6075537204742432
-0.279075026512146
0.378311425447464
0.5207014083862305
-0.07190552353858948
-0.25654831528663635
0.4836207628250122
0.7106711268424988
-0.07375705987215042
-0.36706820130348206
0.538676917552948
-0.662552535533905
0.8217523097991943
0.6006715893745422
0.7272499799728394
0.3829224705696106
0.6837043762207031
0.6982396841049194
0.4440153241157532
0.6970359086990356
-0.32967305183410645
0.6692866683006287
0.6533040404319763
0.8199917674064636
-0.588330864906311
0.40953198075294495
0.1343401074409485
0.8314217925071716
0.4364900588989258
0.1838119626045227
-0.3997325897216797
0.6936862468719482
-0.15567567944526672
0.6765351295471191
-0.08967125415802002
0.6105768084526062
-0.1555834412574768
0.7648666501045227
0.7302088141441345
0.6231735944747925
0.6116648316383362
0.05691372975707054
0.7834557294845581
0.7784028649330139
0.8021828532218933
0.6090137958526611
0.2504776418209076
0.10428696870803833
0.5034202933311462
0.7846491932868958
-0.08293446898460388
0.6220800280570984
0.6569746732711792
0.21947327256202698
0.5806190371513367
0.4297848343849182
0.4830402731895447
0.33060041069984436
0.20978161692619324
0.046496983617544174
0.16183915734291077
0.8007703423500061
0.4163248538970947
0.7341848611831665
0.1179497241973877
0.6890314817428589
0.750078022480011
0.5022296905517578
0.46917301416397095
0.6123629808425903
0.6087663173675537
0.5474451184272766
0.6886569261550903
-0.8144616484642029
0.6827547550201416
0.40300285816192627
0.2987012565135956
0.700110137462616
0.7802578806877136
-0.3320976793766022
0.31860122084617615
0.2919948995113373
-0.7203382253646851
0.3710891902446747
0.6938862204551697
0.6322946548461914
0.19442878663539886
-0.41660165786743164
-0.8010738492012024
0.7474942207336426
0.7770954966545105
0.44278350472450256
0.708042562007904
0.6118902564048767
-0.8242285847663879
0.5464615821838379
0.03409523889422417
-0.27287787199020386
-0.023965751752257347
0.6880478262901306
0.6359950304031372
-0.09129247069358826
-0.558651864528656
0.3098580837249756
-0.038968902081251144
0.692890465259552
0.13500721752643585
-0.13972021639347076
0.5663799047470093
0.7519212961196899
0.6011171936988831
0.4149453938007355
0.7440512776374817
0.13267162442207336
0.5417017340660095
0.44809845089912415
-0.30071258544921875
0.3387961983680725
0.6500169038772583
0.6505493521690369
0.7607569098472595
0.8229846358299255
0.6061931848526001
0.40469682216644287
0.7496798038482666
-0.31895214319229126
0.30889853835105896
0.6871518492698669
0.5735127925872803
0.37874773144721985
0.5396769642829895
-0.3107551634311676
0.04817797616124153
-0.560249388217926
0.6842057108879089
-0.2770920991897583
0.7652289867401123
-0.39958757162094116
0.6736534833908081
0.6742235422134399
0.13635897636413574
0.7674657702445984
0.05788223817944527
0.586722731590271
0.5701583027839661
-0.052142977714538574
0.1691746562719345
0.68609219789505
0.5895742177963257
0.7030579447746277
0.5787807106971741
0.5873101353645325
0.362924188375473
0.056897442787885666
0.45127230882644653
-0.3465591073036194
0.012520808726549149
-0.3958192765712738
0.7961969971656799
0.8606387376785278
0.40249595046043396
0.6521000862121582
0.5432301759719849
0.6590589284896851
0.4584369659423828
0.7651727795600891
-0.5023725628852844
0.5109527707099915
0.7358828186988831
0.4876602292060852
0.30786076188087463
0.7414080500602722
0.31636738777160645
0.6448763608932495
0.4452272057533264
-0.23636478185653687
0.6604735255241394
0.3402513861656189
0.5121374726295471
0.8225082755088806
-0.6934441328048706
0.22872963547706604
0.5747979283332825
0.4212651550769806
0.2713722884654999
0.8723910450935364
0.646770179271698
-0.13894963264465332
0.6931973695755005
0.6318013668060303
-0.5881945490837097
-0.00822419673204422
0.5074765682220459
0.7778868675231934
0.07121151685714722
0.38520464301109314
0.23546481132507324
0.4029538929462433
-0.4747352600097656
0.6506946682929993
0.006211206316947937
0.5346878170967102
0.6136768460273743
-0.33748921751976013
0.2191435992717743
-0.9594805836677551
0.7089269757270813
0.4364640414714813
0.3297426700592041
0.011049371212720871
0.2757871448993683
0.6600690484046936
0.6904763579368591
0.3157552182674408
0.7358442544937134
-0.6655517220497131
0.7235329151153564
0.2129981517791748
0.575713574886322
-0.8183064460754395
0.24463757872581482
0.47630423307418823
0.7879784107208252
0.6718299388885498
0.038304779678583145
0.5415054559707642
-0.38520628213882446
-0.9476209878921509
-1.3031926155090332
-0.299961119890213
0.3107054531574249
0.5868918299674988
0.8340266942977905
0.670016348361969
0.37752586603164673
0.7927910089492798
-0.4632778763771057
0.8342888355255127
0.5910698175430298
0.2724842429161072
0.5850790739059448
0.0013211742043495178
0.009084690362215042
-0.12064968049526215
0.6595104336738586
0.6389495730400085
0.8295646905899048
-0.3628120422363281
0.6925585865974426
0.7205438613891602
0.6496145129203796
0.39686283469200134
-0.15897250175476074
0.16326405107975006
0.6333912014961243
0.7642238140106201
0.7357860207557678
-0.5361953973770142
0.2734089195728302
0.34555545449256897
0.36157891154289246
0.31134170293807983
0.4452919065952301
0.7022165656089783
-0.11965519189834595
-0.2799253761768341
-0.19091570377349854
0.18337281048297882
-0.4066244661808014
0.7327151894569397
0.040145765990018845
0.12041652202606201
-0.11916126310825348
0.2902326285839081
0.7280160784721375
-0.8364570736885071
0.7630130052566528
0.7076054215431213
0.0047996677458286285
0.5207462310791016
0.4591926336288452
0.5739954710006714
0.6739857196807861
-0.056046050041913986
-0.1374119073152542
-0.38759320974349976
0.41273951530456543
-1.773817777633667
0.5275465846061707
0.7874505519866943
0.8186706900596619
0.08499222993850708
0.6212031841278076
-0.10439445078372955
0.25793176889419556
-1.1044299602508545
-0.08622799813747406
0.6546879410743713
0.6387011408805847
0.44975903630256653
0.6962138414382935
0.22656947374343872
0.6805598139762878
0.642528772354126
0.48892802000045776
0.6223297715187073
0.23999899625778198
0.7349063158035278
-0.42945757508277893
0.7299211621284485
0.37636303901672363
-0.65837162733078
-0.4035310447216034
0.21872276067733765
-0.0808168351650238
0.5553714036941528
-0.36265289783477783
-0.13888216018676758
0.566888153553009
-0.32233503460884094
0.5652136206626892
-1.1457593441009521
-0.16625899076461792
0.16786448657512665
0.6030330657958984
-0.6089392900466919
0.6721783876419067
-0.2492658942937851
-0.18391668796539307
-0.6936906576156616
0.32445159554481506
0.06885544955730438
0.26275503635406494
0.3886394500732422
0.6829982995986938
0.16508838534355164
0.36458107829093933
0.1507692039012909
0.7167953252792358
0.4341413080692291
0.7599272727966309
-0.987413763999939
0.5029658675193787
0.8131901621818542
0.6095435619354248
-0.016363244503736496
0.06183672323822975
0.5769838094711304
-0.6310967803001404
-1.1709595918655396
-0.2771870493888855
0.42020267248153687
-0.8171734809875488
0.20771420001983643
0.32828766107559204
0.262199342250824
0.1804114133119583
0.30488285422325134
-0.3499910235404968
-0.30056139826774597
0.815671980381012
0.586662232875824
0.7237452864646912
-0.40655988454818726
-0.04900078848004341
0.7301626205444336
0.5081272721290588
0.726614773273468
0.6233693957328796
0.5816887021064758
0.41455337405204773
0.4897022843360901
-0.6282042264938354
0.6477801203727722
0.17125742137432098
-0.9817032814025879
0.7390949726104736
0.45541834831237793
0.6723901033401489
0.7052184343338013
0.5834636688232422
0.2711651027202606
-0.843781054019928
-0.10531961917877197
0.31686845421791077
0.5702687501907349
0.5562544465065002
0.7177645564079285
0.25108975172042847
0.4597378969192505
-0.299213707447052
-0.1962483525276184
-1.5025745630264282
0.20849335193634033
0.7538592219352722
0.07266220450401306
0.5955935120582581
0.6154401302337646
0.3504623472690582
-0.5268406271934509
-0.6271916627883911
0.41815710067749023
0.38852888345718384
0.598344624042511
0.5836459994316101
0.7359685301780701
-0.5351540446281433
0.27755972743034363
0.12670153379440308
0.7440731525421143
0.4516677260398865
0.49865126609802246
-0.03169647231698036
0.6314185857772827
-0.12242718040943146
0.656012237071991
-0.3516015410423279
0.5480066537857056
0.5487005114555359
0.1537865400314331
-1.3561549186706543
0.0653999000787735
0.6389843225479126
0.2862805128097534
0.6902217268943787
0.6587058901786804
0.46642816066741943
0.3109634816646576
0.6466624140739441
0.7107348442077637
0.4601697325706482
0.4955037236213684
0.133032888174057
0.8166125416755676
0.6799587607383728
-1.3278565406799316
-0.3118342161178589
-0.6139342188835144
-0.8826043009757996
0.6255401372909546
0.6831241846084595
-0.8021858334541321
0.24124720692634583
-1.657334327697754
0.5039646625518799
0.24118086695671082
0.7314451336860657
-0.6671907305717468
0.6241788268089294
0.280917227268219
0.666519045829773
0.2688571810722351
-0.2498772144317627
0.0683099776506424
0.670292317867279
0.8616077303886414
0.2721802294254303
0.6007692813873291
0.7268274426460266
0.43189746141433716
0.5735455751419067
0.6572948098182678
-0.006628956645727158
0.6057827472686768
-0.24861840903759003
0.7426977753639221
-1.0162032842636108
0.6925198435783386
0.6617130637168884
0.6288307905197144
0.730289876461029
0.30438172817230225
0.505915105342865
0.10185284912586212
0.5828172564506531
0.057613175362348557
0.050589609891176224
0.23580798506736755
0.7786053419113159
0.7111235857009888
0.21532580256462097
-0.21409182250499725
0.7105464935302734
