-1.218851089477539
-0.9997748732566833
-0.8002881407737732
-0.9563305377960205
-1.073485016822815
-0.9814935922622681
-0.7726107239723206
-0.5780633687973022
-0.6965415477752686
-1.2440441846847534
-1.2351090908050537
-0.970971941947937
-1.9439005851745605
-0.9928826689720154
-1.0149635076522827
-1.5284943580627441
-1.0597243309020996
-0.9993645548820496
-0.9379057884216309
-0.8955984711647034
-1.1622389554977417
-0.6351630091667175
-1.4586046934127808
-1.0848251581192017
-0.9815050363540649
-0.9208055138587952
-1.1838300228118896
-1.1325244903564453
-0.80599445104599
-1.1551989316940308
-1.0868539810180664
-1.1180658340454102
-1.2643338441848755
-0.9242869019508362
-1.111974835395813
-0.7093799114227295
-0.7488888502120972
-1.059242606163025
-0.966552734375
-1.0561610460281372
-1.0329660177230835
-0.9713881015777588
-1.0966695547103882
-0.6400924921035767
-1.1264201402664185
-1.5152051448822021
-0.9182004928588867
-1.0397065877914429
-1.062314748764038
-1.0624127388000488
-0.9725320935249329
-0.8836212158203125
-1.3965075016021729
-0.9829363822937012
-1.07470703125
-1.2493572235107422
-1.3765263557434082
-1.078346848487854
-1.2304260730743408
-0.9299649596214294
-1.0208020210266113
-0.9793950319290161
-0.8113762736320496
-1.0046733617782593
-1.1764742136001587
-1.2218698263168335
-0.9838228225708008
-0.9150392413139343
-1.0525786876678467
-1.1207302808761597
-0.796783447265625
-1.1203527450561523
-0.8739290833473206
-0.9859137535095215
-0.9545780420303345
-0.7416524291038513
-1.2475703954696655
-1.027793049812317
-1.2551624774932861
-0.9329749941825867
-1.0623244047164917
-1.0516126155853271
-1.1269863843917847
-0.8410014510154724
-0.8553903698921204
-1.0390162467956543
-1.102172613143921
-1.11111319065094
-0.7464340329170227
-1.1684091091156006
-1.4199949502944946
-0.7950507402420044
-0.7355920076370239
-0.6543686389923096
-0.9456458687782288
-1.0628917217254639
-0.7229281663894653
-1.3341115713119507
-0.9658128619194031
-1.2162277698516846
-0.9333329200744629
-0.9189189076423645
-0.9550376534461975
-1.1093599796295166
-1.0025626420974731
-0.945281982421875
-1.0382351875305176
-1.1707795858383179
-0.8188744187355042
-1.1036638021469116
-1.178930640220642
-1.1752371788024902
-1.030220866203308
-1.3698194026947021
-0.8682556748390198
-0.8186817169189453
-1.0990686416625977
-0.8032047152519226
-0.9401826858520508
-0.6875462532043457
-0.982103168964386
-0.8317961096763611
-0.9533376097679138
-1.0498884916305542
-0.8542378544807434
-1.1362059116363525
-1.0572807788848877
-1.02508544921875
-1.3650063276290894
-0.7308937907218933
-0.6767957210540771
-0.5606890320777893
-1.1046929359436035
-0.8405389189720154
-1.1759061813354492
-0.9884306192398071
-0.7680995464324951
-1.872595191001892
-1.23932945728302
-0.9060146808624268
-0.9422908425331116
-1.001527190208435
-1.0128026008605957
-0.8295164108276367
-1.1285001039505005
-1.102894902229309
-1.0230101346969604
-1.367361307144165
-1.0989147424697876
-1.2846026420593262
-1.1555782556533813
-0.82252436876297
-0.9808191657066345
-0.92096346616745
-1.1461468935012817
-1.318350911140442
-1.226377248764038
-0.8622787594795227
-1.140500783920288
-0.9530072808265686
-1.052438735961914
-0.9946639537811279
-1.2174209356307983
-1.0090328454971313
-0.9856266379356384
-1.128916621208191
-1.1579400300979614
-0.6976730227470398
-0.9172595143318176
-1.0192558765411377
-1.1772018671035767
-1.0447728633880615
-1.0894320011138916
-0.7212000489234924
-0.5393767952919006
-1.206743836402893
-1.0454607009887695
-0.8359779715538025
-0.9117282032966614
-1.130062222480774
-0.9921991229057312
-0.9373865127563477
-0.9146274328231812
-1.0667099952697754
-1.2664849758148193
-1.0556224584579468
-0.8182607293128967
-0.9532448649406433
-0.7429648041725159
-0.9876684546470642
-1.070948839187622
-0.8719632029533386
-1.23932945728302
-1.9822008609771729
-0.8912257552146912
-0.925610363483429
-1.0918618440628052
-1.2862074375152588
-0.8110888600349426
-0.8432302474975586
-0.8644031286239624
-0.657408595085144
-0.9158772826194763
-0.8612082004547119
-0.9733412265777588
-1.2110378742218018
-1.0193853378295898
-1.0434653759002686
-0.665857195854187
-0.9334583282470703
-0.6875494122505188
-0.8609281182289124
-1.448725938796997
-0.8454717993736267
-0.6286486983299255
-1.2239315509796143
-0.6943443417549133
-0.8659369349479675
-0.9054329991340637
-0.956841766834259
-1.735976219177246
-1.2213338613510132
-0.7241020798683167
-0.7271460890769958
-0.9288390278816223
-0.8959074020385742
-1.2260037660598755
-0.8333502411842346
-1.1542868614196777
-1.0591723918914795
-1.2161509990692139
-1.065955400466919
-0.9669392704963684
-0.9599323868751526
-1.0723882913589478
-2.2027134895324707
-0.9059401154518127
-0.9986515045166016
-1.0529621839523315
-0.9255990982055664
-0.9675368666648865
-1.0470507144927979
-0.8643901944160461
-0.8667095899581909
-0.9002161622047424
-0.9559627175331116
-1.2453070878982544
-0.9326890707015991
-1.0459338426589966
-0.9366269707679749
-1.0611315965652466
-1.032939076423645
-1.1054539680480957
-0.8459187150001526
-2.201345443725586
-0.7546991109848022
-1.015595555305481
-0.6288484334945679
-0.9469379186630249
-0.8562027215957642
-1.1184766292572021
-1.1178990602493286
-0.9779089093208313
-1.0539816617965698
-0.9160667061805725
-1.0652692317962646
-1.0966465473175049
-1.1223556995391846
-0.943398654460907
-0.7686552405357361
-1.2175214290618896
-0.6380541324615479
-0.8251680135726929
-1.2437859773635864
-0.9265730977058411
-0.7615346312522888
-0.991121768951416
-1.040427565574646
-0.9875645041465759
-0.9807040691375732
-0.9714092016220093
-0.9659960865974426
-1.0722920894622803
-1.1809511184692383
-1.226538896560669
-0.8120648264884949
-0.8440976738929749
-0.8620309829711914
-1.219606637954712
-0.6620090007781982
-1.0415326356887817
-0.9807296991348267
-0.889319658279419
-0.9018274545669556
-1.156217336654663
-0.8613138794898987
-1.118683934211731
-0.9758777618408203
-0.9465495944023132
-1.1738429069519043
-1.1796711683273315
-1.0330222845077515
-0.8284294605255127
-1.3735344409942627
-1.069594144821167
-1.2123504877090454
-1.1518449783325195
-0.8300248980522156
-0.9651919007301331
-1.0487773418426514
-0.9566185474395752
-1.122735619544983
-1.0579402446746826
-0.7187179923057556
-1.109226107597351
-1.154062271118164
-1.0451616048812866
-0.7759950160980225
-0.9541287422180176
-1.4074888229370117
-0.8097319006919861
-1.0029947757720947
-0.6655625104904175
-0.699867308139801
-0.94960618019104
-1.432155966758728
-0.8979408144950867
-0.7915975451469421
-1.0157634019851685
-1.33755624294281
-0.9184001088142395
-0.8625441193580627
-0.8261237740516663
-1.1803088188171387
-1.1160832643508911
-0.8406617045402527
-0.6534448266029358
-1.170558214187622
-2.0973868370056152
-1.156443476676941
-0.8838613033294678
-1.1681455373764038
-0.9749574661254883
-0.9591174721717834
-0.580147922039032
-0.9841588139533997
-0.7095357179641724
-1.1059397459030151
-1.0683066844940186
-1.174048662185669
-0.8896613717079163
-0.687724769115448
-0.85563063621521
-0.9550127983093262
-1.1905369758605957
-1.0225580930709839
-1.1694493293762207
-0.9640673995018005
-0.870004415512085
-0.918505072593689
-1.0532219409942627
-0.6235079765319824
-0.9400832653045654
-0.8585947155952454
-1.3916733264923096
-1.2661510705947876
-0.8992783427238464
-1.08884596824646
-0.8791199326515198
-1.0570628643035889
-0.9201884865760803
-0.9649601578712463
-0.8647266030311584
-0.804316520690918
-0.6882504820823669
-0.5632113218307495
-0.7858477234840393
-0.9456008076667786
-1.08869206905365
-0.9178731441497803
-1.1099787950515747
-1.1643154621124268
-0.9665085673332214
-1.0762879848480225
-0.9640235900878906
-0.8893890976905823
-0.931194543838501
-0.780052125453949
-0.9886290431022644
-1.8825420141220093
-0.6907634139060974
-1.0945513248443604
-1.1546858549118042
-1.261391282081604
-1.797450304031372
-0.9093894362449646
-1.0234171152114868
-1.1037590503692627
-0.9957749247550964
-0.6968427300453186
-0.7961348295211792
-1.1527128219604492
-1.3203002214431763
-1.1832749843597412
-0.8407837152481079
-0.947455883026123
-1.4084982872009277
-0.7429630160331726
-0.7571039199829102
-1.1082972288131714
-0.8071367144584656
-0.6991315484046936
-0.9151974320411682
-1.2834306955337524
-2.0284385681152344
-0.7659491300582886
-0.682977020740509
-1.424997091293335
-0.7599874138832092
-0.6045771837234497
-1.0028409957885742
-0.7979629039764404
-0.9653640389442444
-1.078248143196106
-1.130984902381897
-1.0194344520568848
-0.8127697110176086
-1.0050585269927979
-1.208174228668213
-0.7848535180091858
-0.8844988346099854
-1.132890224456787
-1.379945993423462
-0.8928115367889404
-0.6510859727859497
-0.8811728358268738
-0.5989707708358765
-1.074598789215088
-0.9721260666847229
-1.0974326133728027
-0.9759852886199951
-1.0797642469406128
-1.4610967636108398
-1.0239899158477783
-0.9349210858345032
-1.100375771522522
-1.0822651386260986
-1.0042747259140015
-1.2501041889190674
-0.9779816269874573
-1.05498468875885
-0.9875202178955078
-0.9874325394630432
-1.3210954666137695
-1.1370972394943237
-0.8354710936546326
-0.9897850155830383
-0.9060679078102112
-1.1747747659683228
-1.1397669315338135
-0.8108341097831726
-0.7221813201904297
-0.9765689373016357
-0.7770735025405884
-0.7765479683876038
-0.9009270071983337
-0.8964614272117615
-0.7945999503135681
-1.1134324073791504
-0.9111399054527283
-0.8079627156257629
-1.1952580213546753
-1.1168193817138672
-0.9383080005645752
-1.1805574893951416
-1.0349133014678955
-0.8554214835166931
-1.2353581190109253
-0.8835880756378174
-1.0452152490615845
-1.182234525680542
-0.7232192158699036
-1.0716735124588013
-1.0313907861709595
-1.2251880168914795
-0.9459940195083618
-1.0465772151947021
-1.4216210842132568
-0.9593943953514099
-0.8713167905807495
-1.1495907306671143
-0.8923401236534119
-0.970836877822876
-0.8302332162857056
-0.9763914346694946
-1.2029249668121338
-0.7049739956855774
-0.9473092555999756
-0.9610589146614075
-0.9816789031028748
-0.886853039264679
-1.045304536819458
-0.9466432332992554
-0.9851027727127075
-0.8559175133705139
-1.069840431213379
-1.0074952840805054
-1.1312072277069092
-0.9267453551292419
-1.1718566417694092
-0.9361598491668701
-0.9475554823875427
-1.1098469495773315
-1.1143417358398438
-1.9168951511383057
-0.9644455909729004
-0.7692458033561707
-0.6352529525756836
-1.0813926458358765
-0.7704830169677734
-1.0664438009262085
-1.020426630973816
-1.2145147323608398
-0.9650200009346008
-0.5986999869346619
-0.9828926920890808
-0.8317000865936279
-0.8047235608100891
-1.0902372598648071
-0.5358683466911316
-1.1776909828186035
-1.1817128658294678
-1.1905018091201782
-0.7850884199142456
-0.5245664715766907
-0.775824248790741
-1.1568193435668945
-1.006204605102539
-1.1290956735610962
-0.8124908804893494
-0.820761501789093
-0.9572718739509583
-0.7983646392822266
-1.0716452598571777
-0.8079204559326172
-1.284857988357544
-0.7493371963500977
-0.735297441482544
-1.0306587219238281
-1.0035901069641113
-1.0819776058197021
-1.1159759759902954
-0.9103050231933594
-0.8838440775871277
-1.260538101196289
-0.739773690700531
-1.0160313844680786
-0.9912616014480591
-1.1667553186416626
-1.2165298461914062
-1.0588873624801636
-1.4028851985931396
-0.924796998500824
-0.541275680065155
-0.8167517185211182
-1.3131279945373535
-1.1687538623809814
-0.6745471358299255
-0.8198774456977844
-0.6875638365745544
-0.9998545050621033
-0.8759126663208008
-0.7453704476356506
-0.9381220936775208
-1.0480443239212036
-0.9785272479057312
-1.3814716339111328
-0.9004496932029724
-0.9762119650840759
-1.078002691268921
-1.0727064609527588
-1.0690540075302124
-0.8751316070556641
-1.1020525693893433
-0.999563992023468
-2.269484519958496
-0.9660215377807617
-1.101792812347412
-0.7581982016563416
-0.5758877992630005
-1.032727599143982
-1.0187320709228516
-1.217084527015686
-1.0961859226226807
-1.6591277122497559
-0.8455758690834045
-0.9359124302864075
-1.2361347675323486
-1.0114500522613525
-1.0627719163894653
-1.123970627784729
-0.927183210849762
-0.9544480443000793
-0.7158355116844177
-1.0924896001815796
-1.2705341577529907
-0.8626986742019653
-0.7196108102798462
-1.144968032836914
-0.9150316119194031
-0.7683215737342834
-0.9569209218025208
-0.9032788276672363
-1.1738470792770386
-1.0669262409210205
-1.3265432119369507
-1.3373628854751587
-0.8823056817054749
-0.9876276254653931
-0.9256466031074524
-1.0938694477081299
-1.1781291961669922
-0.9264158606529236
-0.5939503312110901
-1.069638967514038
-0.8122701644897461
-1.1494557857513428
-1.2153940200805664
-1.1299185752868652
-1.191108226776123
-1.0730394124984741
-0.9246206879615784
-1.5071734189987183
-1.2912348508834839
-1.0228281021118164
-0.8569111227989197
-0.8793395757675171
-0.7156684994697571
-0.8865122199058533
-0.9168108105659485
-1.22147536277771
-1.0007696151733398
-0.8807931542396545
-1.0958584547042847
-0.8791722655296326
-1.14159095287323
-0.7343577146530151
-0.9571810364723206
-0.9026550054550171
-0.9538587331771851
-0.9469848275184631
-0.9093329906463623
-1.034029245376587
-1.2117416858673096
-1.0887573957443237
-0.5668244361877441
-0.9840565919876099
-0.8288286328315735
-1.0354670286178589
-0.8511854410171509
-0.9672487378120422
-0.8984312415122986
-1.0216960906982422
-0.9309768080711365
-0.7600699663162231
-0.9028244018554688
-1.0272914171218872
-0.8862655162811279
-1.7452157735824585
-0.9665912985801697
-1.1249384880065918
-1.005499243736267
-0.9974579811096191
-1.0540010929107666
-0.7817918062210083
-1.0763283967971802
-0.8669072389602661
-1.124272346496582
-0.9389180541038513
-0.9810766577720642
-0.8683391809463501
-1.0238906145095825
-0.9662339091300964
-1.2746052742004395
-0.9660733938217163
-1.1053670644760132
-0.9245558977127075
-0.9284518361091614
-0.9284796118736267
-0.8741065859794617
-1.0459779500961304
-1.0761500597000122
-0.9192027449607849
-1.3632771968841553
-1.236633062362671
-1.0008858442306519
-0.7300856113433838
-1.0970041751861572
-0.7750235795974731
-0.7557117342948914
-1.1198906898498535
-0.74808669090271
-1.0591607093811035
-0.9949709177017212
-0.7543108463287354
-1.7481575012207031
-1.104899525642395
-0.4981635808944702
-0.9728555679321289
-1.2809746265411377
-0.9164190888404846
-0.8228594660758972
-0.7412680387496948
-1.194000005722046
-0.8967912793159485
-0.8029647469520569
-0.9916206002235413
-1.0297019481658936
-0.9705427289009094
-1.5898464918136597
-1.2827789783477783
-1.256797194480896
-1.3020052909851074
-1.0249501466751099
-1.079172968864441
-0.8619688153266907
-0.6737320423126221
-0.9353548288345337
-1.5143611431121826
-0.7929418087005615
-1.0033721923828125
-1.1012364625930786
-1.2915416955947876
-1.0519750118255615
-0.9057899713516235
-1.037930965423584
-0.9836966395378113
-1.158057451248169
-0.8824571967124939
-0.8991382718086243
-1.366065502166748
-0.8280742168426514
-0.5521904230117798
-0.8344579935073853
-0.8511756062507629
-0.8000873923301697
-0.7577523589134216
-0.7682564854621887
-1.1799460649490356
-0.7914337515830994
-1.0334515571594238
-0.6879487037658691
-0.9832119345664978
-0.959516704082489
-1.0206924676895142
-0.8968714475631714
-0.6181887984275818
-0.9720423817634583
-1.167815923690796
-0.8033068776130676
-0.804070234298706
-0.9281294345855713
-0.9766162037849426
-1.0012308359146118
-0.6612553596496582
-1.011172890663147
-0.806365430355072
-1.0090521574020386
-0.8202052116394043
-1.2239910364151
-1.7631237506866455
-1.1315677165985107
-0.9452704787254333
-0.7942864894866943
-0.896172821521759
-1.0178673267364502
-0.8710697293281555
-1.2826571464538574
-1.2306452989578247
-1.0600143671035767
-1.3009297847747803
-1.0178260803222656
-1.0001935958862305
-0.6502106189727783
-1.0214697122573853
-0.9757121205329895
-1.3236504793167114
-1.1389155387878418
-0.9038424491882324
-0.9765617251396179
-0.8015297055244446
-1.1553527116775513
-1.0428861379623413
-0.860182523727417
-0.9107592701911926
-1.0443472862243652
-1.1237261295318604
-1.038638710975647
-0.7704319357872009
-1.0014973878860474
-0.8517908453941345
-1.1710678339004517
-0.8599532246589661
-1.2349345684051514
-0.7758246660232544
-0.9393513202667236
-1.1369736194610596
-1.298917293548584
-1.0456860065460205
-1.2155890464782715
-0.8493340611457825
-0.957122266292572
-1.0577720403671265
-0.8777012228965759
-1.1053946018218994
-0.876092255115509
-2.0424957275390625
-0.8004454970359802
-1.0719499588012695
-0.8324751257896423
-0.6729506850242615
-1.000440001487732
-0.8035483956336975
-1.1221164464950562
-0.8528088927268982
-1.0085653066635132
-0.9635840654373169
-0.8823404312133789
-1.0176090002059937
-1.0375910997390747
-0.8604894876480103
-1.0232195854187012
-0.9661931395530701
-1.0156434774398804
-0.966874361038208
-0.9059419631958008
-1.0008677244186401
-1.008144497871399
-0.9043558835983276
-1.4836355447769165
-0.9840421676635742
-1.159521460533142
-1.4559588432312012
-0.8046076893806458
-1.0263539552688599
-1.9976208209991455
-0.9566593766212463
-1.3285770416259766
-1.348827600479126
-1.085854411125183
-0.8145286440849304
-1.1074918508529663
-1.1276824474334717
-1.5491575002670288
-1.0174474716186523
-0.8996607661247253
-1.6302541494369507
-1.179510235786438
-0.8145800828933716
-0.9728585481643677
-0.8297376036643982
-1.3264845609664917
-1.1614794731140137
-0.6517380475997925
-1.3185890913009644
-0.9663286209106445
-1.034698247909546
-1.1453073024749756
-0.7857987284660339
-1.116990566253662
-1.204017996788025
-0.8390703797340393
-0.8532782793045044
-1.015372395515442
-0.7914270758628845
-0.84237140417099
-1.0444458723068237
-0.6508070826530457
-0.9776901602745056
-0.6870536804199219
-1.0623341798782349
-0.9155727028846741
-0.6490805149078369
-0.992908239364624
-0.9869439601898193
-0.9320056438446045
-1.4531852006912231
-1.1190638542175293
-0.9774995446205139
-1.0390552282333374
-0.9369032382965088
-1.2669200897216797
-0.9724112153053284
-0.6567211747169495
-0.819968581199646
-1.3318909406661987
-1.5211939811706543
-0.9857780933380127
-0.9547213912010193
-1.2294045686721802
-0.7108199000358582
-0.8741908073425293
-0.9365257620811462
-0.6680377125740051
-1.3364568948745728
-1.3189324140548706
-1.2540650367736816
-0.865705132484436
-0.9594777822494507
-1.1246893405914307
-1.078381896018982
-0.7885549068450928
-0.7576461434364319
-0.9032239317893982
-0.7433324456214905
-0.8574838638305664
-0.9688178300857544
-1.0887715816497803
-1.0298073291778564
-1.035671353340149
-1.2349351644515991
-0.8268706798553467
-1.1862361431121826
-1.2807074785232544
-0.8649486899375916
-0.9948489665985107
-0.9291178584098816
-1.1117889881134033
-0.9542085528373718
-1.2222638130187988
-1.0955520868301392
-1.2212984561920166
-0.9343006014823914
-0.8309038281440735
-1.0715916156768799
-1.2270991802215576
-1.019228458404541
-0.9220008254051208
-0.9012677073478699
-0.6913476586341858
-1.1507906913757324
-0.7310265898704529
-0.8355567455291748
-1.053109049797058
-0.9271055459976196
-1.0270984172821045
-0.8813544511795044
-0.4884251356124878
-0.9385947585105896
-1.0451666116714478
-1.0489968061447144
-0.8137810826301575
-1.067224383354187
-0.9954692125320435
-0.7623561024665833
-0.865352213382721
-0.9017165303230286
-0.9048051238059998
-0.9544153809547424
-1.3049453496932983
-0.9869019985198975
-0.9949644207954407
-0.5613244771957397
-0.7297875881195068
-0.797694206237793
-1.1768441200256348
-1.053346872329712
-1.0972820520401
-0.785460889339447
-1.0874744653701782
-1.1174476146697998
-0.8380277752876282
-0.8762227892875671
-1.1641193628311157
-0.8408911228179932
-0.9445358514785767
-1.0773109197616577
-1.1961209774017334
-0.8634114861488342
-1.0585386753082275
-0.8172419667243958
-0.682179868221283
-1.7571053504943848
-1.0149130821228027
-0.9050714373588562
-0.7293012142181396
-1.0607882738113403
-1.076600193977356
-1.055222749710083
-0.8292927145957947
-0.8165125250816345
-1.0979266166687012
-1.275347352027893
-0.9226513504981995
-1.1964032649993896
-0.8728075623512268
-1.0842607021331787
-1.218266487121582
-1.2489049434661865
-1.056175708770752
-0.8670063614845276
-0.9791460037231445
-0.819475531578064
-1.0249847173690796
-2.224937677383423
-0.6045776605606079
-1.07598078250885
-1.1261314153671265
-0.9222071766853333
-0.9997931718826294
-1.19746732711792
-1.2938810586929321
-0.69287109375
-0.8830702900886536
-1.2415542602539062
-0.578929603099823
-1.0255181789398193
-1.9690146446228027
-1.1037144660949707
-1.0517685413360596
-0.8322453498840332
-1.168644666671753
-0.7762182354927063
-1.3005203008651733
-1.0543146133422852
-1.7544987201690674
-0.9415088295936584
-0.838419497013092
-1.7422354221343994
-1.06633460521698
-0.855376124382019
-0.7705593109130859
-0.9338961243629456
-0.9131924510002136
-0.7725350856781006
-0.8645526170730591
-1.0791198015213013
-1.0511078834533691
-1.195391058921814
-1.0027610063552856
-1.3541090488433838
-0.9964585900306702
-0.8036944270133972
-0.878944993019104
-0.7788283228874207
-0.7789597511291504
-0.9671485424041748
-0.9570006728172302
-0.960963249206543
-0.7199058532714844
-0.8639093041419983
-0.8723382353782654
-1.0005826950073242
-0.7291113138198853
-0.7357861399650574
-0.6467353701591492
-1.108718752861023
-0.8658101558685303
-0.7098749279975891
-0.521885871887207
-1.058445692062378
-0.9792001843452454
-1.0874727964401245
-1.035164713859558
-1.2282650470733643
-0.7728782296180725
-0.9773680567741394
-0.6864270567893982
-1.107269525527954
-1.028250813484192
-1.0653295516967773
-0.9415176510810852
-1.1210994720458984
-1.3876055479049683
-0.9529531002044678
-1.1636648178100586
-0.9271174073219299
-0.9237561821937561
-0.9840690493583679
-1.0407363176345825
-0.5244375467300415
-0.6210966110229492
-0.9483076333999634
-1.1985689401626587
-1.1205005645751953
-0.9875524044036865
-1.0604490041732788
-0.6112539768218994
-0.8792516589164734
-1.2290244102478027
-0.7666836380958557
-0.9783852696418762
-0.919092059135437
-0.8548522591590881
-1.2944960594177246
-1.0600897073745728
-0.8794989585876465
-0.9314478635787964
-0.7615222334861755
-1.2604975700378418
-1.167736291885376
-0.9586718082427979
-1.1194860935211182
-1.0513767004013062
-0.9749650359153748
-0.7009783983230591
-0.8118358254432678
-0.8741068243980408
-1.264349341392517
-1.0008668899536133
-1.2081842422485352
-1.0618528127670288
-0.967664897441864
-0.8954609036445618
-0.6081354022026062
-1.1581780910491943
-1.0867780447006226
-0.9957024455070496
-0.8529101014137268
-1.2662792205810547
-0.6807624697685242
-1.3073292970657349
-0.8857471942901611
-0.9665775895118713
-0.8555924892425537
-0.8687759041786194
-0.9880749583244324
-0.8816736340522766
-0.7925044894218445
-1.3673553466796875
-1.0450465679168701
-0.9543370604515076
-0.9556084871292114
-0.9847486615180969
-0.7777726054191589
-0.9127933979034424
-0.9406741857528687
-0.6957905888557434
-0.9964322447776794
-1.1515053510665894
-1.2225525379180908
-1.3320239782333374
-2.3880202770233154
-1.8397794961929321
-1.1116647720336914
-0.8821913003921509
-0.9993301033973694
-0.8688995838165283
-0.8297677040100098
-0.7729874849319458
-2.4515092372894287
-0.7459476590156555
-0.8369120955467224
-0.7089384198188782
-0.5821422934532166
-1.080012559890747
-0.7627192735671997
-1.1613683700561523
-1.2018190622329712
