-1.1378999948501587
-0.9467417597770691
-0.7502891421318054
-0.7354544401168823
-0.5856723189353943
-0.8224278092384338
-0.7828535437583923
-0.6621624827384949
-0.753944456577301
-1.0305901765823364
-1.2215081453323364
-0.7458086013793945
-0.6757910847663879
-0.8679950833320618
-0.9956837296485901
-1.3996367454528809
-1.1513546705245972
-1.2205430269241333
-0.8290585875511169
-1.0363240242004395
-0.8614487051963806
-0.8731620907783508
-1.8866188526153564
-1.0679019689559937
-0.8713316321372986
-0.8423587679862976
-0.9977841973304749
-0.9720515608787537
-0.8107954859733582
-1.0454821586608887
-0.8150175213813782
-0.8364543914794922
-0.7980777621269226
-0.6446788907051086
-1.2155259847640991
-0.8499331474304199
-0.8851223587989807
-0.7417194843292236
-0.8460686802864075
-0.6992529034614563
-0.7551652789115906
-0.8487313389778137
-0.9478030800819397
-0.8807151317596436
-0.9324958920478821
-1.2704906463623047
-0.5529334545135498
-1.1123671531677246
-0.8236390948295593
-1.3090753555297852
-0.7785910964012146
-0.9232688546180725
-2.4080307483673096
-0.7583203315734863
-1.0537750720977783
-0.9491217732429504
-1.1182276010513306
-1.0178428888320923
-1.0808498859405518
-0.9263718128204346
-1.174666404724121
-0.8103109002113342
-0.8627219796180725
-1.0250829458236694
-1.0906617641448975
-0.9287583231925964
-0.7149515748023987
-1.0284700393676758
-0.8903343677520752
-1.1785295009613037
-0.9689172506332397
-0.9819549918174744
-0.9954967498779297
-0.6165507435798645
-1.0278037786483765
-0.6859412789344788
-1.0837516784667969
-1.2122187614440918
-1.0823557376861572
-0.966926634311676
-0.6639499068260193
-1.306956171989441
-1.4933602809906006
-0.7409979701042175
-0.769467830657959
-0.9621400833129883
-0.7990771532058716
-0.9199255704879761
-0.8417143225669861
-0.7604413032531738
-2.5739104747772217
-1.0059720277786255
-1.916620135307312
-1.2584645748138428
-0.7550880908966064
-0.941251814365387
-0.7950605750083923
-1.4877498149871826
-0.7493298649787903
-0.8464980721473694
-1.346315860748291
-0.7415608763694763
-1.191832423210144
-1.0657678842544556
-1.1347090005874634
-1.0757534503936768
-0.9126511216163635
-1.0556408166885376
-0.9995819926261902
-0.7601649165153503
-0.6593083739280701
-1.0304456949234009
-0.8118571043014526
-1.6752300262451172
-1.0892945528030396
-0.8242517709732056
-0.8904532790184021
-0.6846134662628174
-1.9857813119888306
-0.7181249856948853
-0.8605817556381226
-0.8289612531661987
-1.1637698411941528
-0.8779140114784241
-0.8537631630897522
-0.8727561831474304
-0.9694984555244446
-0.9180930256843567
-0.75206059217453
-1.0988560914993286
-0.6559014320373535
-0.9907189011573792
-1.2816447019577026
-0.9657167792320251
-0.9767460823059082
-0.6676855683326721
-1.1711182594299316
-0.6340907216072083
-0.6530973315238953
-1.0036256313323975
-0.9924259781837463
-1.13655686378479
-0.8338318467140198
-0.8839530944824219
-0.7934166789054871
-0.9213647246360779
-0.8573378324508667
-1.1788358688354492
-0.8253982663154602
-1.1714696884155273
-0.83158940076828
-0.7932775616645813
-0.8816711902618408
-1.796057939529419
-1.0887633562088013
-0.888556718826294
-0.7127699255943298
-0.746235191822052
-0.7183640599250793
-1.024543285369873
-1.1554356813430786
-0.9103411436080933
-1.1411542892456055
-0.8964324593544006
-1.1482484340667725
-0.9248548746109009
-1.0195192098617554
-1.2423425912857056
-0.7640464901924133
-0.6043496131896973
-1.8098150491714478
-0.5928671956062317
-1.0736918449401855
-0.7391884326934814
-1.0279836654663086
-0.8196297287940979
-0.9157456159591675
-0.6078219413757324
-0.8834921717643738
-1.1790510416030884
-0.767305850982666
-1.1311829090118408
-0.8955003023147583
-0.613159716129303
-0.7413074970245361
-0.9370339512825012
-1.0675735473632812
-0.8166149258613586
-0.8539714813232422
-0.726230263710022
-1.0788367986679077
-0.8658965229988098
-0.6530973315238953
-0.8826771974563599
-0.7184234261512756
-0.9284301400184631
-0.9413707256317139
-0.8263505101203918
-0.8214999437332153
-0.7472723126411438
-1.0001078844070435
-1.0902297496795654
-0.7996099591255188
-1.0363293886184692
-0.8960995674133301
-0.7702614665031433
-0.665134847164154
-1.0849974155426025
-0.8783408999443054
-0.6582121849060059
-0.6412259936332703
-0.5504141449928284
-1.1062880754470825
-1.1072560548782349
-1.3659030199050903
-1.2013709545135498
-0.6430546641349792
-0.8849338889122009
-0.8947167992591858
-0.6685753464698792
-1.5731680393218994
-0.9873514771461487
-0.9792804718017578
-0.7714033722877502
-1.0346951484680176
-0.6589842438697815
-1.274268388748169
-0.7443056106567383
-0.7634797692298889
-0.8681934475898743
-1.0527170896530151
-0.7847326397895813
-0.6748324632644653
-0.6523327231407166
-0.8975654244422913
-2.2470297813415527
-0.8586952686309814
-0.7627914547920227
-1.1592721939086914
-0.7501044273376465
-0.7652882933616638
-0.9196838736534119
-0.9041275382041931
-0.8192078471183777
-0.7986246943473816
-0.9329653382301331
-0.9700552225112915
-0.6753516793251038
-1.0539277791976929
-0.9238902926445007
-1.032476782798767
-1.0262254476547241
-0.8122363090515137
-0.7691478729248047
-2.3107807636260986
-0.7997675538063049
-0.8206044435501099
-0.921875
-0.9132595658302307
-1.0279028415679932
-1.5543224811553955
-1.0625218152999878
-0.9248866438865662
-0.7635076642036438
-0.8524520397186279
-0.8222851753234863
-0.7586196660995483
-1.0067750215530396
-1.0217312574386597
-0.6903694868087769
-0.9604708552360535
-0.9585750102996826
-0.8543162941932678
-0.8526726961135864
-0.9111928343772888
-0.49754518270492554
-0.8836767077445984
-0.9522437453269958
-0.6143576502799988
-0.78980952501297
-0.9657477140426636
-0.8269237279891968
-0.7422308325767517
-0.7976195216178894
-0.879744827747345
-0.7384588122367859
-1.163651943206787
-0.5336541533470154
-0.926680326461792
-0.6061205267906189
-0.7988235950469971
-0.9629642963409424
-0.8725761771202087
-1.177604079246521
-0.9157843589782715
-0.9060607552528381
-0.9934344291687012
-1.146626353263855
-0.7936804294586182
-0.9808935523033142
-0.9120449423789978
-1.074927806854248
-0.7683823704719543
-2.181560516357422
-0.9730831980705261
-1.0555949211120605
-1.145263671875
-0.8852638602256775
-0.6765993237495422
-0.9921058416366577
-0.7637980580329895
-0.9662075638771057
-0.6453328132629395
-0.7529551386833191
-0.7295443415641785
-0.9405890107154846
-0.7636973261833191
-0.933528482913971
-0.6691051721572876
-2.3629603385925293
-1.0131583213806152
-0.7808111310005188
-0.8661831021308899
-0.9283265471458435
-0.8479670286178589
-1.262597680091858
-1.2218581438064575
-0.7923490405082703
-0.6530396342277527
-0.8221439719200134
-1.1148416996002197
-0.9393118619918823
-0.8576532602310181
-1.016320824623108
-0.9120385646820068
-0.9787678122520447
-0.6430572867393494
-0.9003729820251465
-1.060177206993103
-0.82095867395401
-1.28190016746521
-0.8658300638198853
-1.0810225009918213
-1.0378165245056152
-0.7970787882804871
-0.7404492497444153
-0.9490423202514648
-0.9667644500732422
-0.768815279006958
-1.002172827720642
-0.9346158504486084
-0.9062411785125732
-0.9254149198532104
-2.088569402694702
-0.9565765857696533
-1.104531168937683
-1.008473515510559
-0.7409389615058899
-1.0521172285079956
-0.8814132809638977
-0.6155622005462646
-1.061036229133606
-0.9039164185523987
-0.8604916334152222
-0.7479017376899719
-0.8667139410972595
-0.9835577607154846
-0.8898820877075195
-1.1320817470550537
-1.503386378288269
-0.9123270511627197
-0.8723738193511963
-0.8848136067390442
-0.7173958420753479
-0.8464968204498291
-1.0446075201034546
-1.1253454685211182
-0.661571204662323
-1.0762072801589966
-0.77387934923172
-0.4110333323478699
-0.8163607716560364
-0.9575878381729126
-1.0757800340652466
-1.0943727493286133
-0.8089497685432434
-0.7480956315994263
-0.9201878309249878
-0.7153683304786682
-1.0605242252349854
-0.513209342956543
-1.1942261457443237
-0.7518694400787354
-1.161991834640503
-1.3400908708572388
-1.0630595684051514
-0.9393985271453857
-0.9821494817733765
-0.912362813949585
-0.9750198125839233
-0.987374484539032
-0.800418496131897
-1.3332408666610718
-0.8351597785949707
-0.7896033525466919
-0.7409433722496033
-1.2948652505874634
-0.6862164735794067
-0.7570773363113403
-1.0855340957641602
-0.821252167224884
-0.8177394270896912
-0.8445201516151428
-0.8900818824768066
-2.0690298080444336
-0.777777910232544
-1.0686204433441162
-1.319221019744873
-0.5856695771217346
-0.9698336720466614
-1.3119348287582397
-0.852142333984375
-0.7935901880264282
-1.0552440881729126
-0.8307399749755859
-1.1033345460891724
-0.74944007396698
-0.669514000415802
-1.1582094430923462
-0.7786452174186707
-0.8869455456733704
-1.0068957805633545
-0.7381814122200012
-0.6348735094070435
-0.7394713759422302
-1.0597350597381592
-0.8567243814468384
-1.0095736980438232
-1.0720739364624023
-1.0519928932189941
-1.0108892917633057
-1.1080102920532227
-1.0530322790145874
-1.1537688970565796
-0.7982098460197449
-0.942587673664093
-0.936890184879303
-0.7530773878097534
-1.190582036972046
-1.233130931854248
-1.3191032409667969
-0.9112930297851562
-0.9542804956436157
-0.6693440079689026
-0.9775844812393188
-0.708832859992981
-1.0121303796768188
-0.971467912197113
-1.0672105550765991
-1.1436197757720947
-0.5927557945251465
-0.6456952691078186
-0.9638717174530029
-0.7380313873291016
-0.7747659683227539
-0.9059997200965881
-1.0431092977523804
-1.3750345706939697
-1.326814889907837
-0.8876105546951294
-0.8411989212036133
-0.960021436214447
-0.8105501532554626
-1.4150185585021973
-1.022523283958435
-1.1830720901489258
-0.8887341022491455
-0.931251585483551
-0.8041655421257019
-0.7212797999382019
-0.8344497680664062
-0.45619189739227295
-0.9436292052268982
-0.7089776396751404
-1.1011998653411865
-1.0474671125411987
-0.9476410150527954
-0.6743787527084351
-0.9309679269790649
-0.8011399507522583
-0.9791791439056396
-0.9150615930557251
-1.2949844598770142
-0.9668907523155212
-0.9695255756378174
-1.1489018201828003
-0.6233010292053223
-0.8910731673240662
-1.3138556480407715
-0.9404537081718445
-0.8609287142753601
-1.0158817768096924
-0.8262452483177185
-1.286230444908142
-0.8087164759635925
-0.820241391658783
-0.9550436735153198
-0.9055290222167969
-0.7105175256729126
-1.1581729650497437
-0.9285223484039307
-0.8004010319709778
-0.8809084892272949
-0.917731761932373
-0.7838283181190491
-0.8783591985702515
-1.0631531476974487
-1.365390419960022
-0.9609494805335999
-0.9054399132728577
-0.7996492981910706
-0.9009789824485779
-0.9327715039253235
-0.7938516736030579
-0.8092049956321716
-0.9019891619682312
-0.6524866819381714
-0.8115583658218384
-1.1337264776229858
-0.5753971934318542
-1.0295847654342651
-0.7930871248245239
-0.6774682998657227
-1.037165641784668
-0.6797723174095154
-0.8143792748451233
-0.9088878035545349
-1.0282953977584839
-1.0268566608428955
-0.9769075512886047
-0.7367033362388611
-0.862743079662323
-0.8771538138389587
-0.827950656414032
-2.158637285232544
-1.0323455333709717
-1.0287905931472778
-0.6890833973884583
-0.8058028817176819
-1.1422457695007324
-0.9671642184257507
-0.7693316340446472
-0.5720177292823792
-1.1046141386032104
-0.6995349526405334
-0.759316623210907
-0.8601740002632141
-0.8788595795631409
-1.0159401893615723
-0.8931894898414612
-1.0431373119354248
-0.4023069143295288
-1.1208727359771729
-0.5513631701469421
-1.0847196578979492
-1.4217097759246826
-0.8284855484962463
-0.6531071066856384
-0.7624431252479553
-0.7688627243041992
-0.7937068343162537
-0.7667335867881775
-0.8567795753479004
-0.7508396506309509
-1.0824520587921143
-0.800638735294342
-1.4609712362289429
-0.6659101843833923
-0.8169761300086975
-1.0591318607330322
-0.9783527255058289
-0.631197452545166
-1.2326476573944092
-0.9254131317138672
-0.9287520051002502
-1.652421474456787
-0.883144199848175
-1.2244787216186523
-0.6501678824424744
-0.7440654635429382
-0.8403979539871216
-0.7695528268814087
-0.6588740944862366
-1.0037403106689453
-0.861557126045227
-0.7676162123680115
-0.9306349158287048
-0.9725159406661987
-0.7427157759666443
-1.0166348218917847
-0.897153377532959
-0.5477122664451599
-1.0143566131591797
-1.115660309791565
-1.1126714944839478
-0.8313127160072327
-0.8722004294395447
-0.7548351883888245
-2.1521942615509033
-0.9509395956993103
-0.8279358148574829
-0.8439711332321167
-1.0211725234985352
-0.8983865976333618
-0.9963719248771667
-1.8971750736236572
-0.8643487095832825
-0.9209109544754028
-1.196751594543457
-0.7145701050758362
-0.8156012296676636
-1.1336278915405273
-0.7137528657913208
-0.578391969203949
-1.0190434455871582
-0.8713057637214661
-0.9962074160575867
-0.7909919619560242
-1.1269056797027588
-0.8697115182876587
-1.2745065689086914
-1.408036470413208
-1.2570202350616455
-0.9915643930435181
-0.6416543126106262
-0.8467193245887756
-1.1665312051773071
-0.5624757409095764
-0.649763822555542
-1.1870460510253906
-0.7602145075798035
-0.8262911438941956
-0.8574582934379578
-0.973598301410675
-0.4831784963607788
-1.1073427200317383
-0.771483838558197
-1.0010435581207275
-0.9453970193862915
-0.857092559337616
-0.9074576497077942
-0.7373124957084656
-0.9999880194664001
-0.9293578863143921
-1.097760796546936
-0.8059586882591248
-0.8663648962974548
-0.8898257613182068
-0.8354687690734863
-0.7751147150993347
-0.5184292197227478
-0.9778540730476379
-0.8645063042640686
-0.7783563733100891
-0.8455328345298767
-0.9117932915687561
-0.9735487103462219
-0.6583940386772156
-1.0537184476852417
-1.066062331199646
-1.8947087526321411
-2.109140396118164
-0.7351345419883728
-0.5767088532447815
-1.0099599361419678
-0.897788941860199
-0.8849970698356628
-0.8393287062644958
-0.9120228886604309
-0.7064751386642456
-0.8498002290725708
-1.0135632753372192
-0.6818453073501587
-1.4512823820114136
-0.9598405957221985
-0.9179044365882874
-1.0323636531829834
-0.7386279106140137
-0.9426870346069336
-0.7917156219482422
-0.8912470936775208
-1.054563045501709
-1.027165412902832
-0.8940659165382385
-0.8198429346084595
-1.0356719493865967
-0.8351309895515442
-0.996986985206604
-0.6811603307723999
-1.1887600421905518
-0.842782735824585
-0.903885006904602
-1.069640040397644
-1.0591657161712646
-0.7270838618278503
-1.0975759029388428
-1.0548388957977295
-0.5080593824386597
-0.8650525212287903
-0.9231936931610107
-0.4569675326347351
-0.8197020888328552
-1.895061731338501
-1.0307785272598267
-0.8861737847328186
-0.9420784115791321
-1.02876615524292
-1.399388313293457
-0.9212647080421448
-1.0970489978790283
-1.1406811475753784
-1.0425413846969604
-1.0431519746780396
-0.8111552596092224
-0.7796496748924255
-0.7479826211929321
-1.8404061794281006
-2.2899587154388428
-0.90819251537323
-0.8134392499923706
-1.0464516878128052
-1.0612947940826416
-0.9232659339904785
-0.9176309704780579
-0.8827861547470093
-0.734541654586792
-0.9211705327033997
-1.1153299808502197
-0.544662594795227
-0.9038270115852356
-2.1229910850524902
-0.8026291131973267
-0.6404678225517273
-1.179446816444397
-0.796440064907074
-0.7670866250991821
-0.5424726605415344
-0.8021588921546936
-1.0384684801101685
-0.9272257685661316
-1.0622161626815796
-1.0181604623794556
-0.8502302169799805
-0.8652799129486084
-0.7642876505851746
-1.073907494544983
-0.8460977673530579
-0.902005672454834
-0.9635636210441589
-0.7178764939308167
-0.9668295979499817
-0.9678105115890503
-0.8552702069282532
-0.8869116902351379
-0.9006652235984802
-0.8812010884284973
-0.8820315599441528
-1.0955779552459717
-0.8390027284622192
-1.0290513038635254
-0.8099912405014038
-0.8562436699867249
-0.9207397699356079
-0.9099671244621277
-0.9361550211906433
-0.6706628799438477
-0.8387117385864258
-1.1589324474334717
-0.9566463232040405
-1.9360780715942383
-0.7842381596565247
-1.0220509767532349
-0.9608571529388428
-0.8057921528816223
-1.0381699800491333
-0.900017261505127
-1.129371166229248
-0.8428361415863037
-0.7994561195373535
-0.8633677959442139
-0.8646831512451172
-1.092889428138733
-1.02894127368927
-0.7729807496070862
-1.254338264465332
-1.2014284133911133
-0.7148431539535522
-0.5816103219985962
-0.7330254316329956
-1.2265783548355103
-0.6471620798110962
-0.9761941432952881
-0.9199903607368469
-1.073491096496582
-0.7595486044883728
-0.8150421977043152
-0.8487561941146851
-1.1185859441757202
-0.8986956477165222
-1.1349259614944458
-0.831606924533844
-0.8246369957923889
-1.4107531309127808
-1.0575990676879883
-1.1536173820495605
-1.003232717514038
-1.448682188987732
-0.61322021484375
-0.6692444682121277
-0.8106523156166077
-0.7774707674980164
-0.8076388835906982
-0.9299235939979553
-0.9855102896690369
-1.0756796598434448
-0.7622818946838379
-0.9234859347343445
-0.8898243308067322
-0.7538060545921326
-1.3885983228683472
-0.974884569644928
-0.8896418213844299
-0.9272786974906921
-0.9822538495063782
-0.6682732105255127
-0.9247799515724182
-0.7850309014320374
-0.9111596941947937
-0.9662787318229675
-0.965077817440033
-1.3028342723846436
-0.8722230792045593
-0.8527238965034485
-0.8245642185211182
-0.770643413066864
-1.528704047203064
-0.9453127980232239
-0.7654032111167908
-0.6954837441444397
-1.0350446701049805
-0.6707524061203003
-1.289310336112976
-0.8950839638710022
-1.0306549072265625
-0.9373685121536255
-0.9646546840667725
-2.084190607070923
-0.7082321643829346
-1.0713844299316406
-0.8783164620399475
-0.5722178220748901
-1.0495887994766235
-1.2356451749801636
-0.7108284831047058
-1.1951391696929932
-0.692579448223114
-0.9738860726356506
-1.1820740699768066
-0.8238574266433716
-0.8061028122901917
-0.9048445224761963
-1.0155667066574097
-0.9935619235038757
-0.92408686876297
-0.8885543346405029
-0.78348708152771
-0.8704470992088318
-0.7152183055877686
-0.898921012878418
-0.6484023928642273
-1.1922476291656494
-1.4209208488464355
-0.803754448890686
-0.9753361344337463
-0.7649943828582764
-0.7669180631637573
-1.2307947874069214
-0.8036235570907593
-0.8313484787940979
-0.6133538484573364
-1.0291208028793335
-0.8257419466972351
-0.8550103306770325
-0.7458591461181641
-0.9557719826698303
-0.9696581363677979
-1.6038762331008911
-1.2353242635726929
-0.9381744265556335
-1.1100940704345703
-0.7260767221450806
-0.7398800253868103
-0.9656499028205872
-0.791439414024353
-1.0919532775878906
-1.4720749855041504
-0.7647408246994019
-0.9287397265434265
-0.8033130764961243
-1.0752233266830444
-1.098370909690857
-1.2583295106887817
-0.7154399752616882
-0.6258041858673096
-0.8065046072006226
-1.2341349124908447
-1.0204933881759644
-0.9500342607498169
-0.8378382325172424
-0.7538836598396301
-1.2071017026901245
-0.8981851935386658
-0.9848619103431702
-0.9757824540138245
-0.9729700088500977
-0.9210186004638672
-0.8946568965911865
-0.9676483273506165
-0.36812180280685425
-1.1099539995193481
-0.848526656627655
-0.883588433265686
-1.0080307722091675
-0.9710119962692261
-0.8347559571266174
-0.974677324295044
-0.9846296906471252
-1.2701389789581299
-0.6862896084785461
-0.6858909130096436
-1.0316619873046875
-0.7569048404693604
-0.590118944644928
-0.6149419546127319
-1.0058342218399048
-0.8944973349571228
-1.0304374694824219
-0.7768226861953735
-1.0930455923080444
-0.9122437834739685
-0.9420273900032043
-0.9694854617118835
-0.842077374458313
-1.0101442337036133
-0.8068231344223022
-1.0772002935409546
-0.8522887229919434
-0.5901622176170349
-1.0190917253494263
-0.9111583232879639
-0.9330980181694031
-0.8324264287948608
-2.042290687561035
-1.8109538555145264
-0.5947543382644653
-0.5137528777122498
-1.0671186447143555
-1.0074152946472168
-1.2947430610656738
-1.4669055938720703
-0.9673826098442078
-1.208786129951477
-0.6998630166053772
-0.8902820944786072
-0.8136734962463379
-0.6132788062095642
-0.8531362414360046
-1.1495351791381836
-0.883659303188324
-1.1573121547698975
-0.6777443885803223
-0.8595395088195801
-1.1826716661453247
-0.6747412085533142
-0.9529851675033569
-1.4978456497192383
-1.3178983926773071
-0.7828368544578552
-0.8134030103683472
-0.6256604194641113
-0.8756483197212219
-0.6264079213142395
-0.9350232481956482
-0.913268506526947
-0.9682031273841858
-0.8598203063011169
-1.1080434322357178
-0.675406277179718
-1.3567161560058594
-1.0641013383865356
-0.7788206934928894
-1.8246561288833618
-0.9367854595184326
-0.9218061566352844
-1.479154109954834
-0.995234489440918
-0.895054817199707
-0.8899513483047485
-0.848608136177063
-0.917829692363739
-0.6278528571128845
-1.3542474508285522
-0.867413341999054
-1.2408195734024048
-0.9327973127365112
-0.8528258204460144
-0.9715113639831543
-1.2725728750228882
-0.8422369956970215
-0.9881060719490051
-0.6623815298080444
-1.145673394203186
-1.0189094543457031
-0.8819880485534668
-0.775383472442627
-1.1440545320510864
-0.7574426531791687
-0.8460091948509216
-0.7854931354522705
-0.9502009749412537
-0.6465561389923096
-0.888699471950531
-0.8054431676864624
-1.0158311128616333
-0.7894740104675293
-0.8883700966835022
-0.7244958281517029
-0.6455166935920715
-0.8595083355903625
-0.8580723404884338
-0.9106948971748352
-0.918031632900238
-0.8824845552444458
-0.7402008175849915
-0.9953351616859436
-0.8238252997398376
-0.7576026916503906
-0.9208275675773621
-1.2434637546539307
-0.7429285645484924
-1.0086021423339844
-1.0150301456451416
-0.6016359329223633
-0.9964954257011414
-0.8405468463897705
-0.8737038969993591
-1.3201284408569336
-0.5742892622947693
-0.9407315850257874
-0.7990440726280212
-0.9612951874732971
-1.0553655624389648
-1.522040605545044
-0.8665136694908142
-0.9402937889099121
-0.8223627209663391
-0.9933450222015381
-0.9483031630516052
-1.1603468656539917
-0.6048428416252136
-0.9253146052360535
-0.7008000612258911
-0.9094902276992798
-0.7577276825904846
-0.641325056552887
-0.9312103390693665
-0.8259291052818298
-0.5858006477355957
-0.9771179556846619
-1.1814454793930054
-0.6016548275947571
-0.6097404956817627
-0.8963072299957275
-0.8304962515830994
-0.9847774505615234
-0.9117574095726013
-0.9951857924461365
-0.9049010276794434
-0.8660416007041931
-1.0103267431259155
-0.6612022519111633
-1.0163239240646362
-0.7083330154418945
-0.9453973770141602
-0.909156858921051
-0.7372852563858032
-1.316887378692627
-1.0829514265060425
-0.8659732341766357
-0.7706301808357239
-1.0065726041793823
-0.7675622701644897
-0.9548601508140564
-0.87338787317276
-1.2697043418884277
-0.9600108861923218
-0.7965931296348572
-1.0565420389175415
-1.071939468383789
-1.0605171918869019
-0.9995570182800293
-0.3585209548473358
-0.949702262878418
-1.036292552947998
-0.9083885550498962
-0.9698658585548401
-0.7481376528739929
-0.760307788848877
-0.9331235289573669
-1.5033750534057617
-0.5258215665817261
-0.6478692889213562
-0.9771044850349426
-0.6862865686416626
-1.1269274950027466
-0.8291430473327637
-0.7503858208656311
-0.7639160752296448
-0.9729900360107422
-1.4465245008468628
-0.8633809089660645
-0.8251606822013855
-0.9494766592979431
-0.9560496807098389
-0.8340336680412292
-0.880195677280426
-0.9608274698257446
-0.7031214833259583
-0.8093171119689941
-1.1057994365692139
-0.5839971303939819
-1.066319465637207
-2.164874792098999
-0.9663007259368896
-0.7262624502182007
-1.1752725839614868
-0.6722375154495239
-0.7766062021255493
-0.9838830828666687
-0.9415022730827332
-1.1809476613998413
-0.6979944109916687
-0.9455463290214539
-0.7169800996780396
-1.0031414031982422
-1.0006287097930908
-0.7471888065338135
-1.0274511575698853
-1.4096029996871948
